Step,Reward,Total Mean,Total Reward
543,550,550,550
927,400,475,950
1315,250,400,1200
1630,200,350,1400
1996,350,350,1750
2427,400,358.3333333,2150
2763,350,357.1428571,2500
3150,300,350,2800
3414,150,327.7777778,2950
3694,100,305,3050
4012,250,300,3300
4312,250,295.8333333,3550
4593,0,273.0769231,3550
4823,100,260.7142857,3650
5144,200,256.6666667,3850
5606,350,262.5,4200
5975,300,264.7058824,4500
6329,350,269.4444444,4850
6601,200,265.7894737,5050
7210,850,295,5900
7517,200,290.4761905,6100
7934,250,288.6363636,6350
8254,250,286.9565217,6600
8783,550,297.9166667,7150
9159,300,298,7450
9525,350,300,7800
9901,250,298.1481481,8050
10425,350,300,8400
10743,200,296.5517241,8600
11077,400,300,9000
11398,200,296.7741935,9200
11772,450,301.5625,9650
12150,350,303.030303,10000
12742,600,311.7647059,10600
13213,400,314.2857143,11000
13529,200,311.1111111,11200
13804,200,308.1081081,11400
14164,250,306.5789474,11650
14435,350,307.6923077,12000
14696,150,303.75,12150
15036,150,300,12300
15373,300,300,12600
15649,150,296.5116279,12750
15926,100,292.0454545,12850
16344,400,294.4444444,13250
16653,250,293.4782609,13500
16934,250,292.5531915,13750
17257,300,292.7083333,14050
17625,350,293.877551,14400
18111,400,296,14800
18647,400,298.0392157,15200
18918,100,294.2307692,15300
19218,300,294.3396226,15600
19453,50,289.8148148,15650
19719,150,287.2727273,15800
20004,100,283.9285714,15900
20416,350,285.0877193,16250
20697,50,281.0344828,16300
21113,300,281.3559322,16600
21471,550,285.8333333,17150
21776,200,284.4262295,17350
22179,400,286.2903226,17750
22444,100,283.3333333,17850
22854,350,284.375,18200
23265,250,283.8461538,18450
23575,200,282.5757576,18650
23829,200,281.3432836,18850
24423,650,286.7647059,19500
25013,550,290.5797101,20050
25295,200,289.2857143,20250
25549,100,286.6197183,20350
25845,250,286.1111111,20600
26208,200,284.9315068,20800
26520,200,283.7837838,21000
26840,300,284,21300
27142,150,282.2368421,21450
27506,250,281.8181818,21700
27779,200,280.7692308,21900
28118,150,279.1139241,22050
28402,350,280,22400
28742,350,280.8641975,22750
29187,400,282.3170732,23150
29515,200,281.3253012,23350
29869,200,280.3571429,23550
30394,500,282.9411765,24050
30684,150,281.3953488,24200
31061,300,281.6091954,24500
31505,500,284.0909091,25000
31910,400,285.3932584,25400
32196,150,283.8888889,25550
32539,400,285.1648352,25950
32815,150,283.6956522,26100
33085,100,281.7204301,26200
33392,200,280.8510638,26400
33671,100,278.9473684,26500
33980,250,278.6458333,26750
34332,300,278.8659794,27050
34594,250,278.5714286,27300
35048,550,281.3131313,27850
35357,250,281,28100
35737,350,281.6831683,28450
35975,100,279.9019608,28550
36246,100,278.1553398,28650
36527,100,276.4423077,28750
36981,600,279.5238095,29350
37287,150,278.3018868,29500
37562,150,277.1028037,29650
37866,200,276.3888889,29850
38158,150,275.2293578,30000
38470,200,274.5454545,30200
38800,300,274.7747748,30500
39111,400,275.8928571,30900
39610,550,278.3185841,31450
39924,250,278.0701754,31700
40166,150,276.9565217,31850
40702,700,280.6034483,32550
41055,350,281.1965812,32900
41316,250,280.9322034,33150
41596,150,279.8319328,33300
41859,150,278.75,33450
42214,300,278.9256198,33750
42492,150,277.8688525,33900
42978,400,278.8617886,34300
43217,150,277.8225806,34450
43490,50,276,34500
44001,500,277.7777778,35000
44264,100,276.3779528,35100
44646,400,277.34375,35500
45076,350,277.9069767,35850
45362,300,278.0769231,36150
45661,200,277.480916,36350
46067,350,278.030303,36700
46351,150,277.0676692,36850
46649,150,276.119403,37000
46968,200,275.5555556,37200
47405,350,276.1029412,37550
47835,300,276.2773723,37850
48169,250,276.0869565,38100
48449,150,275.1798561,38250
48717,300,275.3571429,38550
48975,100,274.1134752,38650
49242,150,273.2394366,38800
49578,400,274.1258741,39200
49924,350,274.6527778,39550
50259,300,274.8275862,39850
50704,450,276.0273973,40300
50973,100,274.829932,40400
51318,300,275,40700
51598,100,273.8255034,40800
51896,300,274,41100
52112,100,272.8476821,41200
52382,100,271.7105263,41300
52752,250,271.5686275,41550
53036,50,270.1298701,41600
53308,100,269.0322581,41700
53713,450,270.1923077,42150
54092,200,269.7452229,42350
54381,200,269.3037975,42550
54785,350,269.8113208,42900
55375,800,273.125,43700
55952,600,275.1552795,44300
56500,600,277.1604938,44900
56776,150,276.3803681,45050
57097,300,276.5243902,45350
57458,350,276.969697,45700
57908,400,277.7108434,46100
58124,250,277.5449102,46350
58394,200,277.0833333,46550
58802,450,278.1065089,47000
59211,450,279.1176471,47450
59500,350,279.5321637,47800
59799,200,279.0697674,48000
60088,250,278.9017341,48250
60383,250,278.7356322,48500
60631,250,278.5714286,48750
60903,250,278.4090909,49000
61177,200,277.9661017,49200
61528,300,278.0898876,49500
61916,500,279.3296089,50000
62185,350,279.7222222,50350
62529,450,280.6629834,50800
62817,200,280.2197802,51000
63184,250,280.0546448,51250
63463,200,279.6195652,51450
63770,250,279.4594595,51700
64190,500,280.6451613,52200
64463,100,279.6791444,52300
64871,300,279.787234,52600
65352,500,280.952381,53100
65632,200,280.5263158,53300
66189,500,281.6753927,53800
66480,200,281.25,54000
66999,750,283.6787565,54750
67273,200,283.2474227,54950
67600,250,283.0769231,55200
67975,250,282.9081633,55450
68261,250,282.7411168,55700
68839,650,284.5959596,56350
69253,450,285.4271357,56800
69530,150,284.75,56950
70101,600,286.318408,57550
70327,200,285.8910891,57750
70865,600,287.4384236,58350
71207,450,288.2352941,58800
71469,200,287.804878,59000
71873,400,288.3495146,59400
72150,200,287.9227053,59600
72481,350,288.2211538,59950
72795,200,287.7990431,60150
73072,100,286.9047619,60250
73367,50,285.7819905,60300
73653,350,286.0849057,60650
74078,500,287.0892019,61150
74380,250,286.9158879,61400
74786,450,287.6744186,61850
75064,200,287.2685185,62050
75319,250,287.0967742,62300
75676,250,286.9266055,62550
76052,450,287.6712329,63000
76338,250,287.5,63250
76590,100,286.6515837,63350
76900,250,286.4864865,63600
77187,300,286.5470852,63900
77516,150,285.9375,64050
77908,400,286.4444444,64450
78350,350,286.7256637,64800
78908,600,288.1057269,65400
79255,300,288.1578947,65700
79781,750,290.1746725,66450
80129,350,290.4347826,66800
80421,350,290.6926407,67150
80788,450,291.3793103,67600
81053,200,290.9871245,67800
81342,300,291.025641,68100
81623,200,290.6382979,68300
81941,200,290.2542373,68500
82316,300,290.2953586,68800
82674,250,290.1260504,69050
83041,300,290.167364,69350
83411,450,290.8333333,69800
83804,450,291.4937759,70250
84051,250,291.322314,70500
84331,350,291.563786,70850
84710,450,292.2131148,71300
85212,600,293.4693878,71900
85519,200,293.0894309,72100
85838,250,292.9149798,72350
86141,300,292.9435484,72650
86583,600,294.1767068,73250
86864,150,293.6,73400
87315,500,294.4223108,73900
87590,200,294.047619,74100
87865,200,293.6758893,74300
88125,350,293.8976378,74650
88396,300,293.9215686,74950
88657,250,293.75,75200
89035,450,294.3579767,75650
89334,300,294.379845,75950
89583,250,294.2084942,76200
89852,250,294.0384615,76450
90298,600,295.210728,77050
90686,400,295.610687,77450
90998,200,295.2471483,77650
91261,150,294.6969697,77800
91645,400,295.0943396,78200
91941,300,295.112782,78500
92247,400,295.505618,78900
92501,200,295.1492537,79100
92809,250,294.9814126,79350
93174,400,295.3703704,79750
93471,400,295.7564576,80150
93783,350,295.9558824,80500
94114,350,296.1538462,80850
94384,100,295.4379562,80950
94641,250,295.2727273,81200
95135,550,296.1956522,81750
95414,150,295.66787,81900
95674,250,295.5035971,82150
96161,600,296.5949821,82750
96470,300,296.6071429,83050
96898,500,297.3309609,83550
97204,400,297.6950355,83950
97587,500,298.409894,84450
97984,250,298.2394366,84700
98331,400,298.5964912,85100
98641,200,298.2517483,85300
98999,350,298.4320557,85650
99469,700,299.8263889,86350
99821,350,300,86700
100090,250,299.8275862,86950
100352,250,299.6563574,87200
100637,200,299.3150685,87400
101040,200,298.9761092,87600
101535,350,299.1496599,87950
101833,250,298.9830508,88200
102172,400,299.3243243,88600
102480,250,299.1582492,88850
102778,350,299.3288591,89200
103050,200,298.9966555,89400
103447,350,299.1666667,89750
104093,700,300.4983389,90450
104509,550,301.3245033,91000
104997,650,302.4752475,91650
105360,400,302.7960526,92050
105669,300,302.7868852,92350
106060,450,303.2679739,92800
106649,800,304.8859935,93600
106969,450,305.3571429,94050
107313,500,305.987055,94550
107620,300,305.9677419,94850
108042,500,306.5916399,95350
108379,250,306.4102564,95600
108706,300,306.3897764,95900
109021,300,306.3694268,96200
109355,350,306.5079365,96550
109735,400,306.8037975,96950
109971,300,306.7823344,97250
110398,700,308.0188679,97950
110625,200,307.6802508,98150
111123,400,307.96875,98550
111404,400,308.2554517,98950
111730,500,308.8509317,99450
112219,450,309.2879257,99900
112615,550,310.0308642,100450
113060,450,310.4615385,100900
113342,250,310.2760736,101150
113697,400,310.5504587,101550
113981,350,310.6707317,101900
114533,600,311.550152,102500
114810,250,311.3636364,102750
115274,800,312.8398792,103550
115730,500,313.4036145,104050
115997,50,312.6126126,104100
116279,250,312.4251497,104350
116639,300,312.3880597,104650
116932,250,312.202381,104900
117345,600,313.0563798,105500
117626,150,312.5739645,105650
118046,600,313.4218289,106250
118567,800,314.8529412,107050
118885,350,314.9560117,107400
119143,350,315.0584795,107750
119409,300,315.0145773,108050
119687,300,314.9709302,108350
120016,400,315.2173913,108750
120281,200,314.8843931,108950
120560,350,314.9855908,109300
120840,150,314.5114943,109450
121309,400,314.756447,109850
121566,200,314.4285714,110050
121842,300,314.3874644,110350
122272,350,314.4886364,110700
122614,300,314.4475921,111000
122890,250,314.2655367,111250
123373,700,315.3521127,111950
123794,500,315.8707865,112450
124318,500,316.3865546,112950
124643,450,316.7597765,113400
124981,400,316.9916435,113800
125254,250,316.8055556,114050
125760,450,317.1745152,114500
126411,950,318.9226519,115450
126699,250,318.7327824,115700
127048,400,318.956044,116100
127433,350,319.0410959,116450
127696,300,318.989071,116750
127952,250,318.8010899,117000
128246,350,318.8858696,117350
128689,400,319.1056911,117750
128992,250,318.9189189,118000
129293,300,318.8679245,118300
129723,600,319.6236559,118900
130120,550,320.2412869,119450
130440,350,320.3208556,119800
130724,150,319.8666667,119950
130991,200,319.5478723,120150
131331,450,319.8938992,120600
131706,300,319.8412698,120900
132657,1000,321.6358839,121900
133118,550,322.2368421,122450
133443,250,322.0472441,122700
133674,100,321.4659686,122800
134013,250,321.2793734,123050
134301,350,321.3541667,123400
134584,200,321.038961,123600
134795,150,320.5958549,123750
135073,250,320.4134367,124000
135450,550,321.0051546,124550
135797,400,321.2082262,124950
136058,250,321.025641,125200
136291,200,320.7161125,125400
136638,300,320.6632653,125700
137180,450,320.9923664,126150
137412,200,320.6852792,126350
137715,300,320.6329114,126650
137990,250,320.4545455,126900
138235,350,320.5289673,127250
138906,600,321.2311558,127850
139209,200,320.9273183,128050
139651,550,321.5,128600
140099,550,322.0698254,129150
140420,250,321.8905473,129400
140648,100,321.3399504,129500
141156,400,321.5346535,129900
141481,400,321.7283951,130300
141929,450,322.044335,130750
142267,300,321.990172,131050
142826,550,322.5490196,131600
143147,300,322.4938875,131900
143584,600,323.1707317,132500
143842,250,322.9927007,132750
144201,300,322.9368932,133050
144473,250,322.7602906,133300
144712,250,322.5845411,133550
144984,300,322.5301205,133850
145463,500,322.9567308,134350
146074,500,323.381295,134850
146517,450,323.6842105,135300
146864,450,323.9856802,135750
147170,350,324.047619,136100
147547,500,324.4655582,136600
147864,350,324.5260664,136950
148550,850,325.7683215,137800
149092,600,326.4150943,138400
149442,400,326.5882353,138800
149783,400,326.7605634,139200
150097,250,326.5807963,139450
150385,200,326.2850467,139650
150686,300,326.2237762,139950
150959,200,325.9302326,140150
151486,800,327.0301624,140950
151924,450,327.3148148,141400
152261,450,327.5981524,141850
152596,400,327.764977,142250
152968,300,327.7011494,142550
153280,200,327.4082569,142750
153800,600,328.0320366,143350
154314,500,328.4246575,143850
154607,300,328.3599089,144150
154954,250,328.1818182,144400
155262,300,328.1179138,144700
155671,350,328.1674208,145050
156112,500,328.5553047,145550
156387,200,328.2657658,145750
156813,650,328.988764,146400
157082,50,328.3632287,146450
157326,250,328.1879195,146700
157724,400,328.3482143,147100
158364,1000,329.844098,148100
158992,900,331.1111111,149000
159426,450,331.3747228,149450
159695,200,331.0840708,149650
159993,250,330.9050773,149900
160294,350,330.9471366,150250
160699,500,331.3186813,150750
161166,650,332.0175439,151400
161546,500,332.3851204,151900
161927,400,332.5327511,152300
162178,350,332.5708061,152650
162437,350,332.6086957,153000
163067,750,333.5140998,153750
163520,450,333.7662338,154200
163979,550,334.2332613,154750
164454,550,334.6982759,155300
164925,650,335.3763441,155950
165328,550,335.8369099,156500
165653,300,335.7601713,156800
166045,450,336.0042735,157250
166662,900,337.206823,158150
166939,300,337.1276596,158450
167211,150,336.7303609,158600
167558,350,336.7584746,158950
167851,300,336.6807611,159250
168257,450,336.9198312,159700
168679,650,337.5789474,160350
168974,350,337.605042,160700
169244,350,337.6310273,161050
169631,350,337.6569038,161400
169984,300,337.5782881,161700
170570,850,338.6458333,162550
170856,350,338.6694387,162900
171092,400,338.7966805,163300
171427,350,338.8198758,163650
171844,550,339.2561983,164200
172110,300,339.1752577,164500
172468,350,339.1975309,164850
173179,800,340.1437372,165650
173555,350,340.1639344,166000
173911,400,340.2862986,166400
174503,600,340.8163265,167000
175208,800,341.7515275,167800
175574,350,341.7682927,168150
175999,400,341.8864097,168550
176537,850,342.9149798,169400
176808,300,342.8282828,169700
177266,650,343.4475806,170350
177689,400,343.5613682,170750
177973,350,343.5742972,171100
178309,300,343.4869739,171400
178644,400,343.6,171800
178906,200,343.3133733,172000
179222,400,343.4262948,172400
179842,650,344.0357853,173050
180258,400,344.1468254,173450
180684,750,344.950495,174200
181124,500,345.256917,174700
181419,200,344.9704142,174900
181686,300,344.8818898,175200
182057,250,344.6954813,175450
182357,300,344.6078431,175750
182764,400,344.7162427,176150
183190,600,345.2148438,176750
183486,450,345.4191033,177200
184199,900,346.4980545,178100
184532,350,346.5048544,178450
184980,500,346.8023256,178950
185504,500,347.098646,179450
185784,300,347.007722,179750
186218,550,347.3988439,180300
186491,250,347.2115385,180550
186937,500,347.5047985,181050
187237,350,347.5095785,181400
187636,600,347.9923518,182000
187901,150,347.6145038,182150
188195,250,347.4285714,182400
188439,250,347.243346,182650
188838,500,347.5332068,183150
189278,300,347.4431818,183450
189595,550,347.826087,184000
190025,500,348.1132075,184500
190435,450,348.3050847,184950
190909,600,348.7781955,185550
191292,350,348.7804878,185900
191779,900,349.8127341,186800
192184,450,350,187250
192520,400,350.0932836,187650
192936,500,350.3724395,188150
193274,400,350.464684,188550
193590,400,350.5565863,188950
193954,400,350.6481481,189350
194204,300,350.5545287,189650
194583,500,350.8302583,190150
194890,250,350.6445672,190400
195298,450,350.8272059,190850
195524,200,350.5504587,191050
195810,350,350.5494505,191400
196183,500,350.8226691,191900
196615,450,351.0036496,192350
197200,700,351.6393443,193050
197457,150,351.2727273,193200
197989,650,351.814882,193850
198249,300,351.7210145,194150
198499,300,351.6274864,194450
198836,300,351.534296,194750
199187,400,351.6216216,195150
199502,400,351.7086331,195550
199858,400,351.7953321,195950
200100,150,351.4336918,196100
200559,450,351.6100179,196550
200831,250,351.4285714,196800
201203,500,351.6934046,197300
201490,350,351.6903915,197650
201769,200,351.4209591,197850
202101,200,351.1524823,198050
202373,150,350.7964602,198200
202773,400,350.8833922,198600
203158,450,351.0582011,199050
203427,300,350.9683099,199350
203766,450,351.142355,199800
204074,350,351.1403509,200150
204411,350,351.1383538,200500
204752,350,351.1363636,200850
205016,400,351.2216405,201250
205327,300,351.1324042,201550
205718,450,351.3043478,202000
206118,350,351.3020833,202350
206678,750,351.9930676,203100
206973,250,351.816609,203350
207261,400,351.8998273,203750
207531,200,351.637931,203950
207806,200,351.3769363,204150
208090,350,351.3745704,204500
208714,950,352.4013722,205450
209214,550,352.739726,206000
209568,400,352.8205128,206400
209831,250,352.6450512,206650
210144,400,352.725724,207050
210963,1350,354.4217687,208400
211269,250,354.2444822,208650
211609,400,354.3220339,209050
211891,200,354.0609137,209250
212327,400,354.1385135,209650
212867,750,354.8060708,210400
213376,650,355.3030303,211050
213776,400,355.3781513,211450
214007,200,355.1174497,211650
214614,750,355.7788945,212400
214913,400,355.8528428,212800
215225,300,355.7595993,213100
215637,350,355.75,213450
216045,650,356.2396007,214100
216452,400,356.3122924,214500
216802,350,356.3018242,214850
217094,350,356.2913907,215200
217371,150,355.9504132,215350
217686,250,355.7755776,215600
217952,200,355.5189456,215800
218266,350,355.5098684,216150
218537,200,355.2545156,216350
218822,250,355.0819672,216600
219121,400,355.1554828,217000
219410,300,355.0653595,217300
219675,200,354.812398,217500
220034,350,354.8045603,217850
220605,750,355.4471545,218600
221131,650,355.9253247,219250
221566,600,356.3209076,219850
222194,900,357.2006472,220750
222639,550,357.5121163,221300
223157,600,357.9032258,221900
223460,300,357.8099839,222200
223756,250,357.6366559,222450
224370,800,358.3467095,223250
224813,750,358.974359,224000
225078,150,358.64,224150
225657,500,358.8658147,224650
225954,350,358.8516746,225000
226377,500,359.0764331,225500
226868,600,359.4594595,226100
227412,700,360,226800
227907,650,360.459588,227450
228318,450,360.6012658,227900
228745,450,360.7424961,228350
229009,350,360.7255521,228700
229416,400,360.7874016,229100
229706,550,361.0849057,229650
230054,350,361.0675039,230000
230373,350,361.0501567,230350
230671,250,360.8763693,230600
231139,650,361.328125,231250
231666,550,361.6224649,231800
231980,600,361.9937695,232400
232296,400,362.0528771,232800
232634,350,362.0341615,233150
233070,750,362.6356589,233900
233430,550,362.9256966,234450
234009,650,363.3693972,235100
234437,950,364.2746914,236050
234776,500,364.4838213,236550
235104,300,364.3846154,236850
235590,550,364.6697389,237400
235924,350,364.6472393,237750
236495,700,365.1607963,238450
236804,350,365.1376147,238800
237170,300,365.0381679,239100
237471,350,365.0152439,239450
237759,100,364.6118721,239550
238044,300,364.5136778,239850
238513,400,364.5675266,240250
238755,300,364.469697,240550
239054,300,364.3721634,240850
239351,350,364.3504532,241200
239611,300,364.2533937,241500
239954,500,364.4578313,242000
240509,700,364.962406,242700
240882,400,365.015015,243100
241241,250,364.8425787,243350
241531,400,364.8952096,243750
241965,550,365.1718984,244300
242405,400,365.2238806,244700
243029,800,365.8718331,245500
243407,550,366.1458333,246050
243964,550,366.4190193,246600
244358,400,366.4688427,247000
244751,550,366.7407407,247550
245357,600,367.0857988,248150
245710,600,367.4298375,248750
246132,450,367.5516224,249200
246606,550,367.820324,249750
247116,500,368.0147059,250250
247507,400,368.061674,250650
248106,500,368.255132,251150
248443,300,368.1551977,251450
248901,350,368.128655,251800
249400,400,368.1751825,252200
249787,250,368.0029155,252450
250082,350,367.9767103,252800
250514,450,368.0959302,253250
250821,300,367.9970972,253550
251225,550,368.2608696,254100
251574,200,368.0173661,254300
251968,450,368.1358382,254750
252342,400,368.1818182,255150
252795,450,368.2997118,255600
253014,250,368.1294964,255850
253537,500,368.3189655,256350
254020,550,368.579627,256900
254363,300,368.4813754,257200
254922,850,369.1702432,258050
255300,450,369.2857143,258500
255550,300,369.1868759,258800
256026,550,369.4444444,259350
256616,750,369.9857752,260100
257121,600,370.3125,260700
257437,300,370.212766,261000
257785,400,370.2549575,261400
258408,650,370.6506365,262050
258677,200,370.4096045,262250
259152,550,370.6629055,262800
259721,750,371.1971831,263550
260034,350,371.1673699,263900
260436,400,371.2078652,264300
260686,150,370.8976157,264450
260969,400,370.9383754,264850
261361,250,370.7692308,265100
261809,450,370.8798883,265550
262121,300,370.7810321,265850
262402,350,370.7520891,266200
262870,600,371.0709318,266800
263143,300,370.9722222,267100
263563,500,371.1511789,267600
263965,250,370.9833795,267850
264230,350,370.9543568,268200
264583,400,370.9944751,268600
264809,150,370.6896552,268750
265382,700,371.1432507,269450
265747,450,371.2517194,269900
266239,550,371.4972527,270450
266830,500,371.6735254,270950
267110,150,371.369863,271100
267377,250,371.2038304,271350
267597,150,370.9016393,271500
267874,300,370.8049113,271800
268433,600,371.1171662,272400
268820,550,371.3605442,272950
269189,200,371.1277174,273150
269448,200,370.8955224,273350
269758,350,370.8672087,273700
269993,200,370.6359946,273900
270279,350,370.6081081,274250
270679,150,370.3103914,274400
271117,500,370.4851752,274900
271558,650,370.8613728,275550
272249,750,371.3709677,276300
272694,350,371.3422819,276650
273007,250,371.1796247,276900
273318,400,371.2182062,277300
273550,250,371.0561497,277550
273879,450,371.1615487,278000
274239,450,371.2666667,278450
274515,300,371.171771,278750
274802,450,371.2765957,279200
275206,200,371.0491368,279400
275766,750,371.5517241,280150
276010,150,371.2582781,280300
276497,600,371.5608466,280900
276848,350,371.5323646,281250
277156,300,371.4379947,281550
277612,500,371.6073781,282050
277904,200,371.3815789,282250
278279,500,371.5505913,282750
278744,650,371.9160105,283400
279172,400,371.9528178,283800
279605,550,372.1858639,284350
279980,450,372.2875817,284800
280297,350,372.2584856,285150
280714,450,372.3598435,285600
281026,250,372.2005208,285850
281313,250,372.0416125,286100
281574,250,371.8831169,286350
282051,400,371.919585,286750
282650,650,372.2797927,287400
283095,450,372.3803364,287850
283456,400,372.4160207,288250
283896,600,372.7096774,288850
284137,250,372.5515464,289100
284438,300,372.4581725,289400
284824,300,372.3650386,289700
285189,400,372.4005135,290100
285581,350,372.3717949,290450
286129,650,372.7272727,291100
286723,650,373.0818414,291750
286997,150,372.7969349,291900
287376,300,372.7040816,292200
287800,500,372.866242,292700
288103,300,372.7735369,293000
288471,450,372.8716645,293450
288870,400,372.9060914,293850
289112,250,372.7503169,294100
289345,200,372.5316456,294300
289736,650,372.8824273,294950
290185,550,373.1060606,295500
290493,300,373.0138714,295800
290914,450,373.1108312,296250
291433,700,373.5220126,296950
291783,400,373.5552764,297350
292106,400,373.5884567,297750
292730,850,374.1854637,298600
293001,250,374.0300375,298850
293323,300,373.9375,299150
293568,200,373.7203496,299350
293873,250,373.5660848,299600
294435,750,374.0348692,300350
294720,250,373.880597,300600
295393,750,374.3478261,301350
295831,400,374.3796526,301750
296322,450,374.4733581,302200
296705,400,374.5049505,302600
297044,300,374.4128554,302900
297436,250,374.2592593,303150
297748,300,374.1676942,303450
298204,550,374.3842365,304000
298473,200,374.1697417,304200
298810,400,374.2014742,304600
299238,350,374.1717791,304950
299774,750,374.6323529,305700
300184,600,374.9082007,306300
300590,400,374.9388753,306700
300884,250,374.7863248,306950
301267,450,374.8780488,307400
301704,650,375.2131547,308050
302033,400,375.243309,308450
302294,300,375.1518834,308750
302915,900,375.788835,309650
303257,400,375.8181818,310050
303631,500,375.968523,310550
303887,250,375.8162031,310800
304171,350,375.7850242,311150
304504,350,375.7539204,311500
305023,500,375.9036145,312000
305284,250,375.7521059,312250
305583,300,375.6610577,312550
305817,200,375.4501801,312750
306162,350,375.4196643,313100
306557,450,375.508982,313550
306953,300,375.4186603,313850
307411,350,375.3882915,314200
307662,250,375.2386635,314450
307925,250,375.0893921,314700
308427,600,375.3571429,315300
308717,250,375.2080856,315550
308983,150,374.9406176,315700
309522,650,375.2669039,316350
310101,500,375.4146919,316850
310465,450,375.5029586,317300
310856,450,375.5910165,317750
311150,300,375.501771,318050
311780,850,376.0613208,318900
312024,300,375.9717314,319200
312293,400,376,319600
313206,850,376.5569918,320450
313906,850,377.1126761,321300
314217,100,376.7878077,321400
314492,250,376.6393443,321650
314845,450,376.7251462,322100
315386,700,377.1028037,322800
315673,250,376.9544924,323050
316060,500,377.0979021,323550
316484,450,377.1827707,324000
316897,350,377.1511628,324350
317248,350,377.1196283,324700
317626,500,377.262181,325200
318420,950,377.9258401,326150
318731,250,377.7777778,326400
319201,800,378.265896,327200
319496,250,378.1177829,327450
319941,650,378.4313725,328100
320221,200,378.2258065,328300
320769,600,378.4810127,328900
321389,700,378.8505747,329600
321772,400,378.8748565,330000
322162,450,378.956422,330450
322599,400,378.9805269,330850
322851,0,378.5469108,330850
323158,450,378.6285714,331300
323560,450,378.7100457,331750
323813,300,378.6202965,332050
324304,500,378.7585421,332550
324870,700,379.1240046,333250
325220,250,378.9772727,333500
325715,550,379.1713961,334050
326182,650,379.478458,334700
326563,500,379.614949,335200
327017,550,379.8076923,335750
327428,500,379.9435028,336250
327849,650,380.248307,336900
328111,200,380.0450958,337100
328384,200,379.8423423,337300
328769,550,380.0337458,337850
329174,400,380.0561798,338250
329602,450,380.1346801,338700
330043,350,380.1008969,339050
330731,800,380.5711086,339850
331009,250,380.4250559,340100
331366,400,380.4469274,340500
331721,400,380.46875,340900
331972,250,380.3232999,341150
332416,550,380.5122494,341700
332868,600,380.756396,342300
333214,400,380.7777778,342700
333620,400,380.7991121,343100
333975,350,380.7649667,343450
334373,450,380.841639,343900
334720,500,380.9734513,344400
335074,450,381.0497238,344850
335374,350,381.0154525,345200
335659,400,381.0363837,345600
336163,650,381.3325991,346250
336438,300,381.2431243,346550
336847,400,381.2637363,346950
337097,300,381.1745335,347250
337381,500,381.3048246,347750
337730,300,381.2157722,348050
338134,450,381.2910284,348500
338436,400,381.3114754,348900
339003,650,381.6048035,349550
339492,600,381.8429662,350150
339958,550,382.0261438,350700
340352,350,381.9912949,351050
340701,250,381.8478261,351300
340978,200,381.65038,351500
341379,400,381.670282,351900
341757,300,381.5817985,352200
342088,350,381.547619,352550
342452,300,381.4594595,352850
342771,450,381.5334773,353300
343035,350,381.4994606,353650
343565,750,381.8965517,354400
343860,150,381.6469322,354550
344236,400,381.6666667,354950
344838,650,381.9548872,355600
345299,600,382.1888412,356200
345805,400,382.2079314,356600
346201,500,382.3340471,357100
346690,650,382.6203209,357750
347245,700,382.9594017,358450
347706,400,382.977588,358850
348149,550,383.1556503,359400
348622,700,383.4930777,360100
348918,400,383.5106383,360500
349631,1050,384.218916,361550
350249,550,384.3949045,362100
350640,450,384.4644751,362550
350942,300,384.375,362850
351347,400,384.3915344,363250
351817,450,384.4608879,363700
352218,450,384.530095,364150
352581,150,384.2827004,364300
352918,250,384.1412013,364550
353316,500,384.2631579,365050
353681,400,384.2797056,365450
354195,500,384.4012605,365950
354580,550,384.5750262,366500
354881,500,384.6960168,367000
355341,350,384.6596859,367350
355792,400,384.6757322,367750
356638,950,385.2664577,368700
356984,400,385.2818372,369100
357385,400,385.2971846,369500
357660,200,385.1041667,369700
357906,250,384.9635796,369950
358526,700,385.2910603,370650
358754,250,385.1505711,370900
359124,350,385.1141079,371250
359386,150,384.8704663,371400
359683,250,384.7308489,371650
360050,400,384.7466391,372050
360452,650,385.0206612,372700
360771,150,384.7781218,372850
361221,450,384.8453608,373300
361452,150,384.6035015,373450
361862,250,384.4650206,373700
362201,250,384.3268243,373950
362726,550,384.4969199,374500
363085,400,384.5128205,374900
363570,600,384.7336066,375500
363967,350,384.6980553,375850
364278,350,384.6625767,376200
364616,350,384.6271706,376550
365061,500,384.744898,377050
365467,600,384.9643221,377650
365809,350,384.9287169,378000
366119,350,384.8931841,378350
366964,1050,385.5691057,379400
367237,200,385.3807107,379600
367584,400,385.3955375,380000
368020,350,385.3596758,380350
368246,200,385.1720648,380550
368538,250,385.0353893,380800
368944,500,385.1515152,381300
369344,450,385.2169526,381750
369644,250,385.0806452,382000
370142,450,385.1460222,382450
370460,400,385.1609658,382850
370715,250,385.0251256,383100
371030,350,384.9899598,383450
371421,400,385.005015,383850
371882,450,385.0701403,384300
372244,400,385.0850851,384700
372720,650,385.35,385350
373236,650,385.6143856,386000
373501,300,385.5289421,386300
373791,200,385.3439681,386500
374228,500,385.4581673,387000
374624,500,385.5721393,387500
375118,500,385.6858847,388000
375388,200,385.5014896,388200
375963,800,385.9126984,389000
376350,450,385.9762141,389450
376928,1000,386.5841584,390450
377218,250,386.4490603,390700
377521,300,386.3636364,391000
377942,700,386.6732478,391700
378459,650,386.9329389,392350
378862,350,386.8965517,392700
379301,750,387.253937,393450
379594,400,387.26647,393850
379863,450,387.3280943,394300
380296,550,387.4877331,394850
380609,250,387.3529412,395100
380893,200,387.1694417,395300
381467,550,387.3287671,395850
381861,450,387.3900293,396300
382137,50,387.0605469,396350
382437,350,387.0243902,396700
382655,350,386.9883041,397050
383044,400,387.0009737,397450
383543,850,387.4513619,398300
383811,150,387.2206025,398450
384063,200,387.038835,398650
384517,700,387.342386,399350
384807,300,387.2577519,399650
385103,200,387.0764763,399850
385346,300,386.9922631,400150
385778,750,387.3429952,400900
386252,650,387.5965251,401550
386553,350,387.56027,401900
387061,500,387.6685934,402400
387358,300,387.5842156,402700
387710,350,387.5480769,403050
387971,150,387.3198847,403200
388264,250,387.1880998,403450
388559,250,387.0565676,403700
388854,200,386.8773946,403900
389241,450,386.937799,404350
389500,500,387.0458891,404850
389818,250,386.9149952,405100
390347,600,387.1183206,405700
390782,500,387.2259295,406200
391216,300,387.1428571,406500
391675,500,387.2502379,407000
392243,750,387.595057,407750
392546,400,387.6068376,408150
392845,250,387.4762808,408400
393278,650,387.7251185,409050
393897,500,387.8314394,409550
394325,650,388.0794702,410200
394791,700,388.3742911,410900
395246,450,388.4324835,411350
395549,150,388.2075472,411500
395820,50,387.8887842,411550
396524,950,388.4180791,412500
396886,400,388.4289746,412900
397141,200,388.2518797,413100
397484,350,388.2159624,413450
397866,600,388.4146341,414050
398133,300,388.3317713,414350
398446,450,388.3895131,414800
398754,300,388.3068288,415100
399285,750,388.6448598,415850
399560,300,388.5620915,416150
399833,350,388.5261194,416500
400100,250,388.3970177,416750
400504,350,388.3612663,417100
400939,550,388.5116279,417650
401447,750,388.8475836,418400
401654,300,388.7650882,418700
402273,800,389.1465677,419500
402574,300,389.0639481,419800
403004,350,389.0277778,420150
403273,400,389.0379278,420550
403633,350,389.0018484,420900
403984,450,389.0581717,421350
404425,250,388.9298893,421600
404715,400,388.9400922,422000
405127,400,388.9502762,422400
405570,650,389.1904324,423050
405833,350,389.1544118,423400
406416,650,389.3939394,424050
406825,450,389.4495413,424500
407138,300,389.3675527,424800
407394,150,389.1483516,424950
407729,500,389.2497713,425450
408064,400,389.2595978,425850
408314,300,389.1780822,426150
408665,250,389.0510949,426400
409106,450,389.1066545,426850
409459,300,389.0255009,427150
409859,400,389.0354868,427550
410312,300,388.9545455,427850
410714,600,389.1462307,428450
411284,650,389.3829401,429100
411859,700,389.6645512,429800
412177,350,389.6286232,430150
412732,800,390,430950
413158,650,390.2350814,431600
413500,250,390.1084011,431850
414012,650,390.3429603,432500
414271,350,390.3065825,432850
414568,400,390.3153153,433250
414957,400,390.3240324,433650
415392,400,390.3327338,434050
415790,500,390.4312668,434550
416069,350,390.3949731,434900
416687,700,390.6726457,435600
417280,700,390.9498208,436300
417727,450,391.0026858,436750
418307,650,391.234347,437400
418627,450,391.2868633,437850
419068,500,391.3839286,438350
419341,250,391.2578055,438600
419910,650,391.4884135,439250
420252,400,391.4959929,439650
420541,300,391.4145907,439950
420997,500,391.5111111,440450
421381,300,391.4298401,440750
421771,400,391.4374445,441150
422365,950,391.9326241,442100
422919,600,392.1169176,442700
423259,200,391.9469027,442900
423548,300,391.8656057,443200
424006,550,392.0053004,443750
424398,400,392.0123566,444150
424764,250,391.8871252,444400
425260,500,391.9823789,444900
425551,400,391.9894366,445300
425831,350,391.9525066,445650
426199,400,391.9595782,446050
426458,300,391.8788411,446350
426687,250,391.754386,446600
426980,350,391.7177914,446950
427376,450,391.7688266,447400
427642,350,391.7322835,447750
428096,450,391.7832168,448200
428626,700,392.0524017,448900
429121,450,392.1029668,449350
429601,650,392.3278117,450000
430048,550,392.4651568,450550
430455,350,392.4281984,450900
430733,350,392.3913043,451250
431109,300,392.3110339,451550
431499,450,392.3611111,452000
431982,550,392.4978317,452550
432385,400,392.5043328,452950
432604,300,392.4242424,453250
433001,400,392.4307958,453650
433413,550,392.5669836,454200
433729,300,392.4870466,454500
434097,450,392.5366695,454950
434487,400,392.5431034,455350
434905,450,392.5925926,455800
435177,250,392.4698795,456050
435462,250,392.3473775,456300
435874,250,392.2250859,456550
436250,650,392.4463519,457200
436606,350,392.4099485,457550
436943,350,392.3736075,457900
437394,600,392.5513699,458500
437823,400,392.5577417,458900
438203,250,392.4358974,459150
438505,450,392.4850555,459600
438805,450,392.5341297,460050
439202,400,392.5404945,460450
439636,400,392.5468484,460850
440109,550,392.6808511,461400
440592,400,392.6870748,461800
441140,550,392.8207307,462350
441496,350,392.7843803,462700
441737,300,392.7056828,463000
442116,400,392.7118644,463400
442422,450,392.7603726,463850
442801,450,392.8087986,464300
443287,600,392.9839391,464900
443987,800,393.3277027,465700
444228,200,393.164557,465900
444444,300,393.0860034,466200
444735,250,392.9654591,466450
445012,300,392.8872054,466750
445279,350,392.8511354,467100
445640,550,392.9831933,467650
446081,600,393.1570109,468250
446582,500,393.2466443,468750
447036,450,393.2942163,469200
447319,250,393.1742044,469450
447723,450,393.2217573,469900
448121,350,393.1856187,470250
448555,600,393.358396,470850
449096,450,393.4056761,471300
449378,200,393.2443703,471500
449892,700,393.5,472200
450295,250,393.3805162,472450
450559,250,393.2612313,472700
450898,400,393.2668329,473100
451415,700,393.5215947,473800
451841,400,393.526971,474200
452319,400,393.5323383,474600
452736,550,393.6619718,475150
452991,300,393.5844371,475450
453528,700,393.8378825,476150
453940,600,394.0082645,476750
454349,450,394.0545004,477200
454832,700,394.3069307,477900
455169,450,394.3528442,478350
455555,350,394.3163097,478700
455814,250,394.1975309,478950
456119,350,394.1611842,479300
456387,100,393.9194741,479400
456769,450,393.9655172,479850
457069,250,393.8474159,480100
457633,600,394.0163934,480700
457983,300,393.9393939,481000
458684,700,394.1898527,481700
459255,600,394.3581357,482300
459519,200,394.1993464,482500
459899,500,394.2857143,483000
460250,400,394.2903752,483400
460536,250,394.1727791,483650
460963,650,394.3811075,484300
461351,450,394.4263629,484750
461977,700,394.6747967,485450
462242,300,394.5978879,485750
462503,300,394.5211039,486050
462997,450,394.5660989,486500
463514,650,394.7730956,487150
463819,200,394.6153846,487350
464126,250,394.4983819,487600
464749,600,394.6645109,488200
465099,400,394.6688207,488600
465543,350,394.6327684,488950
465987,500,394.7177419,489450
466214,200,394.560838,489650
466694,550,394.6859903,490200
467477,1000,395.1729686,491200
467771,350,395.1366559,491550
468292,400,395.1405622,491950
468907,650,395.3451043,492600
469267,550,395.4691259,493150
469724,450,395.5128205,493600
470179,650,395.7165733,494250
470615,450,395.76,494700
471122,800,396.0831335,495500
471456,450,396.1261981,495950
471893,550,396.2490024,496500
472137,300,396.1722488,496800
472528,450,396.2151394,497250
472921,500,396.2977707,497750
473326,550,396.4200477,498300
473596,250,396.3036566,498550
473870,400,396.3065925,498950
474275,300,396.2301587,499250
474584,250,396.1141951,499500
474897,450,396.1568938,499950
475143,300,396.0807601,500250
475418,400,396.0838608,500650
475913,550,396.2055336,501200
476458,550,396.3270142,501750
477112,800,396.6456196,502550
477447,400,396.648265,502950
477732,250,396.5327029,503200
478003,200,396.3779528,503400
478497,400,396.3808025,503800
478989,500,396.4622642,504300
479365,300,396.3864886,504600
479734,350,396.3500785,504950
480204,500,396.4313725,505450
480497,350,396.3949843,505800
480803,250,396.2803446,506050
481295,450,396.3223787,506500
481702,500,396.4034402,507000
481956,200,396.25,507200
482439,550,396.3700234,507750
482864,600,396.5288612,508350
483394,700,396.7653936,509050
483694,300,396.6900312,509350
484099,400,396.692607,509750
484359,300,396.6174184,510050
484983,750,396.8919969,510800
485478,500,396.9720497,511300
485858,550,397.090768,511850
486158,250,396.9767442,512100
486670,650,397.1727343,512750
487115,550,397.2910217,513300
487538,550,397.4091261,513850
487811,250,397.2952087,514100
488188,450,397.3359073,514550
488649,500,397.4151235,515050
489084,600,397.5713184,515650
489448,300,397.4961479,515950
489836,400,397.4980754,516350
490196,450,397.5384615,516800
490474,250,397.4250576,517050
490769,350,397.3886329,517400
491155,400,397.390637,517800
491636,600,397.5460123,518400
492149,750,397.816092,519150
492392,350,397.7794793,519500
492747,300,397.7046672,519800
493107,400,397.706422,520200
493348,250,397.5935829,520450
493962,550,397.7099237,521000
494310,350,397.6735317,521350
494696,450,397.7134146,521800
495038,200,397.5628332,522000
495436,550,397.6788432,522550
495940,600,397.8326996,523150
496298,350,397.7963526,523500
496645,350,397.7600607,523850
497013,350,397.723824,524200
497420,250,397.6118271,524450
497689,50,397.3484848,524500
498228,500,397.4261923,525000
498522,350,397.3903177,525350
499053,700,397.6190476,526050
499534,500,397.6963746,526550
499826,350,397.6603774,526900
500104,350,397.6244344,527250
500641,850,397.9653353,528100
500995,300,397.8915663,528400
501344,400,397.8931527,528800
501692,350,397.8571429,529150
502217,550,397.97145,529700
502636,400,397.972973,530100
503104,350,397.9369842,530450
503488,200,397.7886057,530650
503788,300,397.7153558,530950
504327,650,397.9041916,531600
504843,750,398.1675393,532350
505472,800,398.4678625,533150
506128,700,398.6930545,533850
506573,500,398.7686567,534350
507194,800,399.0678598,535150
507658,400,399.0685544,535550
508269,550,399.1809382,536100
508889,800,399.4791667,536900
509153,450,399.5167286,537350
509418,200,399.3684993,537550
509776,450,399.4060876,538000
510141,250,399.2952522,538250
510723,800,399.5922906,539050
511181,500,399.6666667,539550
511470,300,399.5928942,539850
511925,500,399.6671598,540350
512459,400,399.6674058,540750
512854,300,399.5937962,541050
513086,250,399.4833948,541300
513402,350,399.4469027,541650
513802,400,399.4473102,542050
514415,650,399.6318115,542700
514804,350,399.5952907,543050
515159,300,399.5220588,543350
515514,400,399.52241,543750
515881,400,399.5227606,544150
516275,400,399.5231108,544550
516786,300,399.4501466,544850
517087,350,399.4139194,545200
517347,350,399.3777452,545550
517799,250,399.2684711,545800
518302,650,399.4517544,546450
518804,700,399.6712929,547150
519193,550,399.7810219,547700
519709,600,399.9270605,548300
520108,450,399.9635569,548750
520546,550,400.0728332,549300
520920,350,400.0363901,549650
521240,300,399.9636364,549950
521872,750,400.2180233,550700
522232,400,400.2178649,551100
522684,700,400.4354136,551800
523048,350,400.3988397,552150
523396,400,400.3985507,552550
523726,350,400.3620565,552900
523987,350,400.3256151,553250
524481,550,400.4338395,553800
524752,400,400.433526,554200
525174,600,400.5776173,554800
525530,300,400.5050505,555100
525791,250,400.3965393,555350
526184,500,400.4682997,555850
526626,550,400.5759539,556400
526904,250,400.4676259,556650
527205,400,400.4672897,557050
527512,250,400.3591954,557300
528049,650,400.5384063,557950
528338,350,400.5021521,558300
528689,500,400.5734767,558800
528996,300,400.5014327,559100
529390,450,400.5368647,559550
529746,400,400.5364807,559950
530286,550,400.6433167,560500
530649,450,400.6785714,560950
531210,600,400.8208423,561550
531605,550,400.9272468,562100
532103,550,401.0334996,562650
532680,850,401.3532764,563500
533122,550,401.4590747,564050
533652,750,401.7069701,564800
533960,350,401.6702203,565150
534449,650,401.8465909,565800
535252,850,402.1646558,566650
535551,300,402.0921986,566950
536028,750,402.3387668,567700
536390,450,402.3725212,568150
536852,300,402.3000708,568450
537263,600,402.4398868,569050
537670,600,402.5795053,569650
537935,350,402.5423729,570000
538201,300,402.4700071,570300
538515,300,402.3977433,570600
538882,450,402.4312896,571050
539258,400,402.4295775,571450
539872,600,402.5686137,572050
540301,650,402.742616,572700
540637,300,402.6704146,573000
541023,400,402.6685393,573400
541512,650,402.8421053,574050
541950,350,402.8050491,574400
542521,700,403.0133146,575100
542993,450,403.0462185,575550
543396,400,403.0440868,575950
543675,250,402.9370629,576200
544034,350,402.9000699,576550
544546,500,402.9678771,577050
544835,350,402.9309142,577400
545333,450,402.9637378,577850
545758,750,403.2055749,578600
546033,150,403.0292479,578750
546421,550,403.131524,579300
546716,350,403.0945758,579650
547106,550,403.1966644,580200
547373,250,403.0902778,580450
547732,550,403.1922276,581000
548274,650,403.3633842,581650
548639,400,403.3610534,582050
549294,600,403.4972299,582650
549690,450,403.5294118,583100
550543,1000,403.9419087,584100
551054,550,404.0428473,584650
551388,350,404.0055249,585000
551803,500,404.0717736,585500
552431,800,404.3448276,586300
553062,800,404.6175052,587100
553359,250,404.5110193,587350
553781,550,404.6111493,587900
554192,500,404.6767538,588400
554697,700,404.8797251,589100
555068,400,404.8763736,589500
555334,250,404.7700755,589750
555602,200,404.6296296,589950
556020,550,404.7292666,590500
556359,300,404.6575342,590800
556654,300,404.5859001,591100
557076,700,404.7879617,591800
557287,350,404.7505126,592150
557809,750,404.9863388,592900
558380,750,405.221843,593650
558685,350,405.1841746,594000
559018,350,405.1465576,594350
559458,600,405.2792916,594950
560079,700,405.4799183,595650
560328,200,405.3401361,595850
560736,550,405.4384772,596400
561194,600,405.5706522,597000
561627,400,405.5668703,597400
561935,300,405.495251,597700
562165,350,405.4576271,598050
562647,550,405.5555556,598600
563158,700,405.7549086,599300
563375,250,405.6495264,599550
563666,400,405.6457066,599950
564107,500,405.7094595,600450
564541,700,405.9081702,601150
565016,800,406.1740891,601950
565520,600,406.3047876,602550
565745,200,406.1657682,602750
566233,600,406.2962963,603350
566788,550,406.3930013,603900
567039,200,406.2542031,604100
567333,350,406.2163978,604450
567853,550,406.3129617,605000
568353,650,406.4765101,605650
568928,750,406.7069081,606400
569233,350,406.6689008,606750
569642,400,406.664434,607150
570131,750,406.8942436,607900
570431,250,406.7892977,608150
570692,200,406.6510695,608350
571066,250,406.5464262,608600
571459,350,406.5086782,608950
571714,300,406.4376251,609250
572184,500,406.5,609750
572692,750,406.7288474,610500
573089,500,406.7909454,611000
573471,350,406.7531603,611350
573788,400,406.7486702,611750
574077,300,406.6777409,612050
574629,550,406.7729084,612600
575039,800,407.0338421,613400
575385,400,407.0291777,613800
575912,750,407.2564612,614550
576560,850,407.5496689,615400
576843,250,407.4454004,615650
577113,200,407.3082011,615850
577424,300,407.2372769,616150
577834,400,407.2324967,616550
578326,700,407.4257426,617250
578641,350,407.3878628,617600
579092,300,407.3170732,617900
579546,600,407.4440053,618500
579779,300,407.3732719,618800
580277,750,407.5986842,619550
580540,200,407.4621959,619750
580801,200,407.325887,619950
581235,450,407.3539068,620400
581659,700,407.5459318,621100
581998,250,407.442623,621350
582392,500,407.5032765,621850
582806,550,407.5965946,622400
583082,350,407.5589005,622750
583487,600,407.6847613,623350
583897,600,407.8104575,623950
584221,250,407.7073808,624200
584729,550,407.8002611,624750
585087,400,407.7951729,625150
585635,650,407.9530639,625800
586099,600,408.0781759,626400
586504,350,408.0403646,626750
586870,350,408.0026025,627100
587362,600,408.1274382,627700
587751,450,408.1546459,628150
588033,200,408.0194805,628350
588498,250,407.9169371,628600
589012,750,408.1387808,629350
589407,450,408.1659106,629800
589781,500,408.2253886,630300
590447,650,408.381877,630950
590794,400,408.3764554,631350
591374,650,408.5326438,632000
591774,300,408.4625323,632300
592439,650,408.6184635,632950
592805,450,408.6451613,633400
593138,300,408.5751128,633700
593469,450,408.6018041,634150
593745,200,408.4674823,634350
594147,500,408.5263835,634850
594596,600,408.6495177,635450
595026,600,408.7724936,636050
595379,550,408.8631985,636600
595609,300,408.7933248,636900
596024,500,408.8518281,637400
596430,650,409.0064103,638050
596744,400,409.0006406,638450
597208,650,409.1549296,639100
597419,300,409.0850928,639400
597971,850,409.3670077,640250
598484,900,409.6805112,641150
598784,250,409.5785441,641400
599191,400,409.5724314,641800
599834,750,409.7895408,642550
600355,850,410.0701083,643400
600709,350,410.0318471,643750
601218,650,410.1845958,644400
601698,650,410.3371501,645050
602228,700,410.5212969,645750
602534,350,410.4828463,646100
602894,300,410.4126984,646400
603170,100,410.215736,646500
603505,350,410.1775523,646850
603808,350,410.139417,647200
604232,450,410.1646612,647650
604723,700,410.3481013,648350
604979,250,410.2466793,648600
605322,350,410.2085967,648950
605654,300,410.1389766,649250
606065,250,410.0378788,649500
606399,250,409.9369085,649750
606710,400,409.9306431,650150
606985,100,409.7353497,650250
607497,500,409.7921914,650750
607790,250,409.69163,651000
608137,400,409.6855346,651400
608442,400,409.6794469,651800
609143,800,409.9246231,652600
609538,450,409.9497803,653050
609838,300,409.880803,653350
610177,250,409.7805643,653600
610566,400,409.7744361,654000
611083,700,409.9561678,654700
611356,250,409.8560701,654950
611661,400,409.8499062,655350
612108,500,409.90625,655850
612568,400,409.9000625,656250
612965,350,409.8626717,656600
613254,200,409.731753,656800
613549,300,409.6633416,657100
613987,600,409.7819315,657700
614408,500,409.8381071,658200
614883,450,409.8630989,658650
615230,400,409.8569652,659050
615725,400,409.850839,659450
616254,650,410,660100
616795,550,410.0869025,660650
617086,300,410.0186104,660950
617779,700,410.1983881,661650
618074,100,410.0061958,661750
618600,700,410.1857585,662450
619051,350,410.1485149,662800
619352,300,410.0803958,663100
619830,550,410.1668727,663650
620284,600,410.284126,664250
620689,400,410.2777778,664650
621073,400,410.2714374,665050
621495,450,410.2959309,665500
621842,450,410.3203943,665950
622365,500,410.3756158,666450
622657,300,410.3076923,666750
622924,200,410.1783518,666950
623209,300,410.1106331,667250
623566,550,410.1965602,667800
623894,250,410.0982198,668050
624185,300,410.0306748,668350
624453,250,409.9325567,668600
624833,250,409.8345588,668850
625221,600,409.9510104,669450
625730,550,410.0367197,670000
626225,400,410.030581,670400
626594,600,410.1466993,671000
626911,300,410.0794136,671300
627196,250,409.981685,671550
627464,150,409.8230628,671700
627725,50,409.6036585,671750
628076,300,409.5368678,672050
628392,350,409.500609,672400
628675,150,409.3426659,672550
628932,100,409.1545012,672650
629210,250,409.0577508,672900
629524,250,408.9611179,673150
629847,250,408.8646023,673400
630393,500,408.9199029,673900
630785,500,408.9751364,674400
631130,350,408.9393939,674750
631412,100,408.7522714,674850
632004,750,408.9588378,675600
632355,400,408.953418,676000
632705,250,408.8573156,676250
633201,800,409.0936556,677050
633529,500,409.1485507,677550
633825,300,409.0826795,677850
634116,250,408.986731,678100
634468,300,408.9210368,678400
634979,650,409.0662651,679050
635471,450,409.0909091,679500
635918,350,409.055355,679850
636267,350,409.0198437,680200
636886,500,409.0745192,680700
637636,800,409.3093093,681500
638029,450,409.3337335,681950
638481,800,409.5680864,682750
638727,250,409.4724221,683000
639227,400,409.4667466,683400
639613,300,409.4011976,683700
640014,600,409.5152603,684300
640411,550,409.5992823,684850
640786,250,409.5038852,685100
641077,400,409.4982079,685500
641349,150,409.3432836,685650
641788,700,409.5167064,686350
642072,350,409.4812165,686700
642473,500,409.5351609,687200
642759,250,409.4401429,687450
642991,250,409.3452381,687700
643414,450,409.369423,688150
644089,700,409.5422117,688850
644442,300,409.4771242,689150
644973,500,409.5308789,689650
645377,500,409.5845697,690150
645725,500,409.6381969,690650
646163,600,409.7510373,691250
646564,550,409.8341232,691800
646927,350,409.7986975,692150
647225,300,409.7337278,692450
647620,450,409.7575399,692900
648160,650,409.8995272,693550
648493,300,409.8346131,693850
648769,300,409.7697757,694150
649110,400,409.7640118,694550
649361,300,409.6992925,694850
649775,600,409.8114319,695450
650162,350,409.7762073,695800
650565,250,409.682166,696050
650960,400,409.6764706,696450
651527,750,409.8765432,697200
651790,400,409.8707403,697600
652291,600,409.982384,698200
652631,350,409.9471831,698550
652972,450,409.9706745,699000
653389,400,409.96483,699400
653836,550,410.0468658,699950
654652,850,410.3044496,700800
655025,550,410.3861908,701350
655306,300,410.3216374,701650
655781,550,410.4032729,702200
656185,500,410.4556075,702700
656551,250,410.3619381,702950
656818,300,410.2975496,703250
657113,300,410.2332362,703550
657518,250,410.1398601,703800
658006,600,410.2504368,704400
658400,350,410.2153667,704750
658824,650,410.3548575,705400
659109,50,410.1453488,705450
659423,350,410.1104009,705800
659917,650,410.2497096,706450
660249,500,410.3017992,706950
660749,600,410.4118329,707550
661052,350,410.3768116,707900
661456,650,410.5156431,708550
661992,650,410.6543138,709200
662315,500,410.7060185,709700
662745,550,410.7865818,710250
663158,450,410.8092486,710700
663648,700,410.9763143,711400
664028,550,411.056582,711950
664306,400,411.050202,712350
664634,250,410.9573241,712600
665033,450,410.9798271,713050
665280,300,410.9158986,713350
665764,400,410.9096143,713750
666065,350,410.8745685,714100
666345,500,410.9258194,714600
666709,400,410.9195402,715000
667178,700,411.085583,715700
667959,950,411.3949483,716650
668311,300,411.3310384,716950
668727,550,411.4105505,717500
669161,550,411.4899713,718050
669510,450,411.5120275,718500
669950,550,411.5912994,719050
670307,350,411.5560641,719400
670821,750,411.7495712,720150
671305,650,411.8857143,720800
671906,450,411.9074814,721250
672344,450,411.9292237,721700
672607,200,411.8083286,721900
672974,350,411.7730901,722250
673416,550,411.8518519,722800
673798,200,411.7312073,723000
674286,750,411.9237336,723750
674554,250,411.8316268,724000
674896,350,411.7964753,724350
675427,450,411.8181818,724800
675839,400,411.8114708,725200
676469,650,411.9466515,725850
676875,500,411.9965967,726350
677150,400,411.9897959,726750
677642,550,412.0679887,727300
677918,400,412.0611552,727700
678316,350,412.0260328,728050
678798,550,412.1040724,728600
679089,250,412.0124364,728850
679481,500,412.0621469,729350
680172,700,412.2247318,730050
680466,300,412.1613995,730350
680812,300,412.0981387,730650
681256,550,412.1758737,731200
682164,900,412.4507042,732100
682749,700,412.6126126,732800
683018,250,412.521103,733050
683320,300,412.4578178,733350
683745,250,412.366498,733600
684149,300,412.3033708,733900
684496,350,412.2683885,734250
684851,300,412.2053872,734550
685140,300,412.1424565,734850
685660,650,412.2757848,735500
686111,700,412.4369748,736200
686711,900,412.7099664,737100
687005,200,412.5909345,737300
687496,700,412.7516779,738000
687845,350,412.7166015,738350
688229,550,412.7932961,738900
688621,600,412.8978224,739500
689111,500,412.9464286,740000
689400,300,412.8834356,740300
689694,250,412.7926421,740550
689934,150,412.6462396,740700
690392,700,412.8062361,741400
690843,550,412.8825821,741950
691313,450,412.9032258,742400
691541,200,412.7848805,742600
691936,400,412.7777778,743000
692325,350,412.7429206,743350
692623,300,412.6803552,743650
693110,600,412.7842485,744250
693494,500,412.8325942,744750
693825,300,412.7700831,745050
694125,350,412.7353267,745400
694659,450,412.7559491,745850
695106,450,412.7765487,746300
695539,650,412.9076838,746950
695982,500,412.9558011,747450
696280,250,412.86582,747700
696559,300,412.803532,748000
696953,350,412.7688913,748350
697369,500,412.8169791,748850
697791,550,412.892562,749400
698174,500,412.9405286,749900
698677,600,413.0434783,750500
699070,400,413.0363036,750900
699593,800,413.2490379,751700
700119,700,413.4065934,752400
700464,350,413.3717738,752750
700865,500,413.4193194,753250
701259,500,413.4668129,753750
701649,350,413.4320175,754100
701937,350,413.3972603,754450
702289,300,413.3351588,754750
702843,450,413.3552271,755200
703230,450,413.3752735,755650
703809,600,413.47731,756250
704106,250,413.3879781,756500
704534,450,413.4079738,756950
704787,350,413.3733624,757300
705140,300,413.3115112,757600
705480,450,413.3315158,758050
705883,450,413.3514986,758500
706168,300,413.2897603,758800
706472,250,413.200871,759050
706901,600,413.3025027,759650
707345,550,413.3768352,760200
707634,200,413.2608696,760400
707887,250,413.172189,760650
708418,700,413.3279045,761350
708742,400,413.3206728,761750
709169,600,413.4219089,762350
709696,700,413.5772358,763050
710127,500,413.624052,763550
710435,300,413.5625338,763850
710914,550,413.6363636,764400
711222,350,413.601947,764750
711519,350,413.5675676,765100
711920,500,413.6142626,765600
712247,200,413.4989201,765800
712533,350,413.4646519,766150
712836,200,413.3495146,766350
713059,250,413.2614555,766600
713405,500,413.3081897,767100
713809,200,413.1933226,767300
714256,550,413.2669537,767850
714555,250,413.1791286,768100
715075,500,413.2258065,768600
715436,400,413.2186996,769000
715906,700,413.3727175,769700
716425,550,413.4460548,770250
716957,700,413.5997854,770950
717395,450,413.6193029,771400
717691,250,413.5316184,771650
718381,750,413.7118372,772400
719020,700,413.8650964,773100
719474,600,413.964687,773700
719971,600,414.0641711,774300
720507,600,414.1635489,774900
720839,300,414.1025641,775200
721228,450,414.1217298,775650
721758,650,414.2475987,776300
722154,550,414.32,776850
722650,600,414.4189765,777450
723079,450,414.4379329,777900
723393,400,414.4302449,778300
723689,250,414.3427355,778550
724164,650,414.4680851,779200
724501,350,414.4338118,779550
725112,450,414.4527099,780000
725378,250,414.3653744,780250
725874,350,414.3312102,780600
726169,250,414.2440318,780850
726484,350,414.2099682,781200
727090,750,414.3879173,781950
727387,250,414.3008475,782200
728036,750,414.4785601,782950
728545,600,414.5767196,783550
728853,300,414.516129,783850
729293,500,414.5613108,784350
729660,400,414.5536186,784750
730100,550,414.625132,785300
730526,550,414.6965699,785850
730814,400,414.6888186,786250
731272,500,414.7337902,786750
731857,600,414.8314015,787350
732161,300,414.7709321,787650
732576,550,414.8421053,788200
733110,800,415.0447133,789000
733702,600,415.1419558,789600
734097,550,415.2128219,790150
734693,500,415.2573529,790650
734994,250,415.1706037,790900
735474,600,415.2675761,791500
735729,200,415.1546932,791700
736041,350,415.1205451,792050
736427,550,415.1911996,792600
736915,450,415.2094241,793050
737389,550,415.2799581,793600
738206,1150,415.6642259,794750
738468,350,415.6299007,795100
738957,300,415.569488,795400
739330,600,415.6657963,796000
739795,600,415.7620042,796600
740217,750,415.9363589,797350
740526,300,415.8759124,797650
740944,550,415.9458051,798200
741360,600,416.0416667,798800
741747,450,416.0593441,799250
742177,550,416.1290323,799800
742777,800,416.3286531,800600
743204,750,416.502079,801350
743556,400,416.4935065,801750
743832,450,416.5109034,802200
744213,350,416.4763882,802550
744484,350,416.4419087,802900
744905,650,416.562986,803550
745274,400,416.5544041,803950
745716,500,416.5976178,804450
746017,350,416.563147,804800
746384,700,416.7097775,805500
746803,700,416.8562565,806200
747093,300,416.7958656,806500
747525,500,416.838843,807000
748103,700,416.9850284,807700
748443,350,416.9504644,808050
749169,1100,417.3027334,809150
749656,500,417.3453608,809650
749959,450,417.3621844,810100
750262,350,417.3274974,810450
750658,400,417.3185795,810850
751124,500,417.3611111,811350
751409,500,417.403599,811850
751819,550,417.4717369,812400
752234,450,417.4884438,812850
752473,300,417.4281314,813150
752848,350,417.3935351,813500
753105,300,417.3333333,813800
753672,750,417.5038442,814550
753978,100,417.3411885,814650
754488,550,417.4091142,815200
754900,550,417.4769703,815750
755499,900,417.7237852,816650
755811,250,417.6380368,816900
756112,200,417.5268268,817100
756398,350,417.4923391,817450
756644,300,417.4323635,817750
756917,350,417.3979592,818100
757179,250,417.3125956,818350
757641,500,417.3547401,818850
757919,450,417.3713704,819300
758422,600,417.4643585,819900
758799,600,417.5572519,820500
759099,300,417.4974568,820800
759403,500,417.5394001,821300
759927,650,417.6575203,821950
760674,850,417.877095,822800
761224,500,417.9187817,823300
761829,750,418.0872653,824050
762058,200,417.9766734,824250
762363,300,417.9168779,824550
762784,450,417.9331307,825000
763355,850,418.1518987,825850
763750,350,418.1174089,826200
764013,200,418.0070814,826400
764354,300,417.9474216,826700
764691,200,417.8372916,826900
765221,550,417.9040404,827450
765598,400,417.8950025,827850
766080,650,418.012109,828500
766341,400,418.0030257,828900
766619,300,417.9435484,829200
766885,250,417.8589421,829450
767198,250,417.7744209,829700
767470,250,417.6899849,829950
767903,400,417.6810865,830350
768302,450,417.6973353,830800
768575,200,417.5879397,831000
768921,400,417.579106,831400
769257,250,417.4949799,831650
769537,350,417.4611139,832000
769880,400,417.4523571,832400
770356,350,417.4185464,832750
770876,350,417.3847695,833100
771368,500,417.4261392,833600
771633,300,417.3673674,833900
772018,450,417.3836918,834350
772452,400,417.375,834750
772862,600,417.4662669,835350
773218,350,417.4325674,835700
773493,400,417.4238642,836100
773882,650,417.5399202,836750
774176,250,417.4563591,837000
774545,600,417.5473579,837600
774791,250,417.4638764,837850
775048,250,417.3804781,838100
775321,350,417.3469388,838450
775843,850,417.5621891,839300
776243,500,417.6031825,839800
776515,150,417.4701789,839950
776908,450,417.4863388,840400
777442,700,417.6266137,841100
777865,450,417.6426799,841550
778252,300,417.5843254,841850
778643,400,417.5756073,842250
779120,700,417.71556,842950
779486,300,417.6572561,843250
779735,300,417.5990099,843550
780245,600,417.6892627,844150
780848,650,417.8041543,844800
781362,800,417.9930796,845600
781652,400,417.9841897,846000
781947,100,417.8271605,846100
782253,350,417.7936821,846450
782637,450,417.8095708,846900
783126,250,417.7268245,847150
783386,350,417.693445,847500
783656,200,417.5862069,847700
784056,500,417.6267848,848200
784470,550,417.6919291,848750
784849,400,417.6832268,849150
785401,700,417.8220256,849850
785698,300,417.7641278,850150
786192,650,417.8781925,850800
786505,300,417.820324,851100
786993,550,417.8851816,851650
787455,550,417.9499755,852200
787768,350,417.9166667,852550
788166,450,417.9323861,853000
788409,250,417.8501469,853250
788885,700,417.9882526,853950
789146,200,417.8816047,854150
789617,400,417.8728606,854550
789842,250,417.7908113,854800
790408,800,417.9775281,855600
791068,1000,418.2617188,856600
791506,550,418.3260127,857150
792013,500,418.3658537,857650
792427,500,418.4056558,858150
792762,400,418.3966862,858550
793389,750,418.5582075,859300
793746,400,418.5491723,859700
794309,750,418.7104623,860450
794790,650,418.8229572,861100
795149,400,418.8138065,861500
795546,550,418.877551,862050
795988,500,418.91695,862550
796486,750,419.0776699,863300
796749,200,418.9713731,863500
797113,500,419.0106693,864000
797536,650,419.1226369,864650
797971,700,419.2587209,865350
798604,1000,419.5399516,866350
798918,250,419.4578896,866600
799419,650,419.5694243,867250
799884,650,419.6808511,867900
800319,650,419.7921701,868550
800895,750,419.9516908,869300
801329,400,419.942057,869700
801703,450,419.9565637,870150
801971,300,419.8986975,870450
802240,250,419.8167792,870700
802806,500,419.8554217,871200
803065,200,419.7495183,871400
803831,800,419.9325951,872200
804261,450,419.9470645,872650
804605,400,419.9374699,873050
805301,550,420,873600
805810,600,420.0864969,874200
806120,350,420.0528338,874550
806810,800,420.2352376,875350
807219,600,420.3214971,875950
807475,350,420.2877698,876300
807958,800,420.4697987,877100
808323,400,420.4599904,877500
808566,350,420.4262452,877850
808908,550,420.4882719,878400
809251,400,420.4784689,878800
809776,750,420.6360593,879550
810251,650,420.7456979,880200
811046,900,420.9746775,881100
811530,600,421.0601719,881700
812025,750,421.2171838,882450
812610,900,421.4456107,883350
812951,450,421.4592275,883800
813391,650,421.5681602,884450
814040,900,421.7960934,885350
814356,300,421.7380952,885650
814608,200,421.6325559,885850
815254,650,421.7411989,886500
815645,550,421.8021874,887050
815954,300,421.7442966,887350
816203,200,421.6389549,887550
816737,650,421.7473884,888200
817137,450,421.7607973,888650
817740,700,421.8927894,889350
818032,300,421.8349929,889650
818426,350,421.8009479,890000
818860,500,421.8379915,890500
819756,1050,422.1354167,891550
820052,200,422.0302887,891750
820544,500,422.0671712,892250
821024,450,422.0803783,892700
821421,600,422.1644612,893300
821685,250,422.0831365,893550
822194,500,422.1199245,894050
822802,800,422.2982539,894850
823083,250,422.2169811,895100
823379,400,422.2065064,895500
824005,900,422.4316682,896400
824314,350,422.3975506,896750
824630,400,422.3870056,897150
824963,200,422.2823529,897350
825307,300,422.2248354,897650
825568,150,422.09685,897800
826027,450,422.1099624,898250
826279,200,422.0056364,898450
826534,300,421.9483568,898750
827031,700,422.0788362,899450
827549,750,422.2326454,900200
827874,200,422.1284576,900400
828098,150,422.0009372,900550
828444,350,421.9672131,900900
828689,250,421.8867041,901150
829086,400,421.8764623,901550
829368,350,421.8428438,901900
829660,400,421.8326321,902300
830030,450,421.8457944,902750
830591,600,421.9290051,903350
830952,250,421.8487395,903600
831243,150,421.7218852,903750
831510,300,421.6651119,904050
831963,600,421.7482517,904650
832253,150,421.6216216,904800
832736,550,421.6814159,905350
833021,250,421.6014898,905600
833434,500,421.6379711,906100
833774,550,421.6976744,906650
834141,450,421.7108322,907100
834433,100,421.5613383,907200
834865,650,421.6674408,907850
835237,300,421.6109564,908150
835573,350,421.5777262,908500
836138,700,421.7068646,909200
836548,550,421.7663421,909750
837125,800,421.9416126,910550
837407,150,421.8156554,910700
837679,250,421.7361111,910950
837980,400,421.7260528,911350
838442,500,421.7622572,911850
838947,800,421.9371244,912650
839349,500,421.9731978,913150
839717,200,421.8706697,913350
839991,250,421.7913204,913600
840398,400,421.7812644,914000
840818,400,421.7712177,914400
841112,300,421.7150761,914700
841405,150,421.5898618,914850
841942,800,421.764164,915650
842306,450,421.7771639,916100
842804,300,421.7211229,916400
843450,750,421.8721251,917150
843708,150,421.7471264,917300
844070,300,421.6911765,917600
844594,500,421.7271475,918100
844961,500,421.7630854,918600
845459,650,421.8678293,919250
845842,250,421.7889908,919500
846274,500,421.824851,920000
846577,300,421.7690192,920300
847233,800,421.9422813,921100
847814,650,422.0467033,921750
848199,350,422.01373,922100
848760,600,422.095151,922700
849058,400,422.085048,923100
849441,350,422.0521024,923450
849727,200,421.9506624,923650
850003,250,421.8721461,923900
850386,600,421.9534459,924500
850792,500,421.9890511,925000
851298,350,421.9562244,925350
851725,400,421.946217,925750
852298,600,422.0273349,926350
852602,250,421.9489982,926600
853046,550,422.0072827,927150
853540,600,422.0882621,927750
853960,400,422.0782174,928150
854267,150,421.9545455,928300
854710,450,421.9672876,928750
855118,400,421.9573115,929150
855543,500,421.9927372,929650
855921,300,421.9373866,929950
856200,300,421.8820862,930250
856692,500,421.9174977,930750
857106,500,421.9528772,931250
857394,250,421.875,931500
858019,450,421.887732,931950
858348,300,421.8325792,932250
858649,150,421.7096336,932400
858927,250,421.6320072,932650
859326,500,421.6674198,933150
859762,600,421.7479675,933750
860136,500,421.7832957,934250
860664,650,421.8862816,934900
861156,600,421.9666216,935500
861481,350,421.9341749,935850
861865,300,421.8792249,936150
862365,550,421.9369369,936700
862639,50,421.7694732,936750
863027,400,421.759676,937150
863282,250,421.6824112,937400
863579,500,421.7176259,937900
864111,700,421.8426966,938600
864673,700,421.967655,939300
865253,650,422.0700494,939950
865766,350,422.037702,940300
866146,450,422.0502467,940750
866484,450,422.0627803,941200
867296,950,422.2994173,942150
867573,200,422.1998208,942350
868105,650,422.3018361,943000
868614,600,422.3813787,943600
869440,650,422.4832215,944250
869852,400,422.4731664,944650
870116,350,422.4407689,945000
870451,250,422.3637176,945250
870716,300,422.3090665,945550
871195,650,422.4107143,946200
871543,350,422.3784025,946550
871903,300,422.323818,946850
872299,400,422.3138654,947250
872645,300,422.2593583,947550
872928,400,422.2494432,947950
873212,400,422.239537,948350
873695,450,422.2518914,948800
873994,300,422.1975089,949100
874280,350,422.1654068,949450
874701,150,422.0444444,949600
875034,350,422.0124389,949950
875458,550,422.0692718,950500
875678,250,421.9928984,950750
876027,250,421.9165927,951000
876537,600,421.9955654,951600
876896,300,421.9414894,951900
877171,200,421.8431546,952100
877429,200,421.744907,952300
877799,500,421.7795485,952800
878272,550,421.8362832,953350
878668,400,421.8266254,953750
879237,650,421.9274978,954400
879515,300,421.8736191,954700
879805,300,421.819788,955000
880115,400,421.8101545,955400
880623,450,421.8225949,955850
880924,200,421.7247464,956050
881337,450,421.7372134,956500
881595,250,421.6615249,956750
882012,500,421.6960352,957250
882335,300,421.6424483,957550
882874,500,421.6769366,958050
883212,400,421.6673999,958450
884199,700,421.7897977,959150
884484,400,421.7802198,959550
884743,300,421.7267135,959850
885137,450,421.7391304,960300
885446,400,421.7295874,960700
886159,600,421.8078104,961300
886532,250,421.7324561,961550
886897,350,421.7010083,961900
887182,350,421.6695881,962250
887757,550,421.7257994,962800
888049,350,421.6943958,963150
888654,750,421.8380744,963900
889149,600,421.9160105,964500
889381,200,421.8189768,964700
890069,600,421.8968531,965300
890811,750,422.0401922,966050
891262,450,422.0524017,966500
891647,300,421.999127,966800
892257,500,422.0331588,967300
892864,600,422.1107719,967900
893446,700,422.2319093,968600
893741,300,422.1786492,968900
894032,450,422.1907666,969350
894458,550,422.2464084,969900
894754,350,422.2149695,970250
895298,700,422.3357982,970950
895621,250,422.2608696,971200
895922,400,422.2511951,971600
896353,500,422.2849696,972100
896611,100,422.1450282,972200
896944,300,422.0920139,972500
897560,650,422.1908894,973150
898485,1150,422.5065048,974300
899070,850,422.6918075,975150
899546,500,422.7253033,975650
899894,400,422.7154612,976050
900642,700,422.8354978,976750
901219,550,422.8905236,977300
901618,300,422.8373702,977600
902052,450,422.8491137,978050
902352,350,422.8176318,978400
902849,600,422.8941685,979000
903147,150,422.7763385,979150
903663,550,422.8312473,979700
904361,650,422.9292494,980350
905123,850,423.113411,981200
906075,950,423.3405172,982150
906462,300,423.2873761,982450
906847,250,423.2127476,982700
907507,850,423.3964701,983550
907852,450,423.4079174,984000
908208,300,423.3548387,984300
908965,800,423.516767,985100
909454,750,423.6570692,985850
909885,500,423.6898625,986350
910339,400,423.6796909,986750
910929,800,423.8412017,987550
911461,850,424.024024,988400
911864,600,424.0994854,989000
912358,400,424.0891556,989400
912775,650,424.1859469,990050
913192,650,424.2826552,990700
913749,600,424.3578767,991300
914263,600,424.4330338,991900
914853,650,424.5295124,992550
915652,1200,424.8610517,993750
915914,150,424.7435897,993900
916310,400,424.7330201,994300
916766,600,424.8078565,994900
917071,350,424.7759283,995250
917388,250,424.7013652,995500
917893,850,424.8827292,996350
918435,350,424.8508099,996700
918868,550,424.9041329,997250
919173,200,424.8083475,997450
919536,500,424.8403576,997950
919812,200,424.7446809,998150
920244,500,424.7766908,998650
920509,250,424.702381,998900
920949,450,424.7131322,999350
921284,500,424.7451147,999850
921909,800,424.9044586,1000650
922359,650,425,1001300
922701,400,424.9893933,1001700
923201,400,424.9787956,1002100
923562,350,424.9470114,1002450
923939,450,424.9576271,1002900
924203,400,424.9470563,1003300
924738,700,425.0635055,1004000
925133,650,425.1586966,1004650
925501,150,425.0423012,1004800
926250,850,425.2219873,1005650
926495,250,425.147929,1005900
926782,250,425.0739332,1006150
927083,200,424.9788851,1006350
927413,300,424.9261292,1006650
927755,400,424.9156118,1007050
928153,450,424.9261915,1007500
928554,400,424.915683,1007900
928978,650,425.0105352,1008550
929271,300,424.957877,1008850
929850,550,425.0105263,1009400
930357,750,425.1473064,1010150
930783,350,425.115692,1010500
931288,550,425.1682086,1011050
931606,50,425.0105086,1011100
931920,150,424.894958,1011250
932294,400,424.8845023,1011650
932603,150,424.7691016,1011800
932992,400,424.7587075,1012200
933491,800,424.9161074,1013000
933765,300,424.8637317,1013300
934303,700,424.9790444,1014000
934662,200,424.8847926,1014200
935091,450,424.8953099,1014650
935371,450,424.9058183,1015100
935746,500,424.9372385,1015600
936248,800,425.0941029,1016400
936523,50,424.937291,1016450
936875,300,424.8850815,1016750
937166,250,424.8120301,1017000
937452,250,424.7390397,1017250
938027,700,424.8539232,1017950
938388,350,424.822695,1018300
938782,400,424.8123436,1018700
939203,550,424.8645269,1019250
939529,350,424.8333333,1019600
939980,650,424.9271137,1020250
940258,300,424.8751041,1020550
940656,550,424.9271744,1021100
940951,100,424.7920133,1021200
941334,450,424.8024948,1021650
942018,800,424.9584372,1022450
942385,250,424.8857499,1022700
942937,800,425.0415282,1023500
943514,550,425.0933998,1024050
943908,400,425.0829876,1024450
944150,350,425.0518457,1024800
944485,350,425.0207297,1025150
944882,550,425.0725238,1025700
945186,200,424.9792875,1025900
945592,250,424.9068323,1026150
945913,250,424.8344371,1026400
946440,650,424.9275962,1027050
946839,350,424.8966088,1027400
947316,450,424.9069864,1027850
947609,450,424.9173554,1028300
947917,200,424.8244527,1028500
948433,700,424.9380677,1029200
948758,300,424.8865043,1029500
949265,550,424.9381188,1030050
949538,100,424.8041237,1030150
950106,850,424.9793899,1031000
950491,450,424.9896992,1031450
950881,450,425,1031900
951279,300,424.9485385,1032200
951793,750,425.0823045,1032950
952209,600,425.1542575,1033550
952589,350,425.1233553,1033900
953087,700,425.2363337,1034600
953536,450,425.2465078,1035050
953912,500,425.2772074,1035550
954206,450,425.2873563,1036000
954490,300,425.2359458,1036300
954854,450,425.2461034,1036750
955402,600,425.3177532,1037350
955685,250,425.2459016,1037600
956002,150,425.1331422,1037750
956473,750,425.2661753,1038500
957042,800,425.4195661,1039300
957434,500,425.4500818,1039800
957946,800,425.603272,1040600
958349,300,425.5519215,1040900
958729,300,425.500613,1041200
958999,500,425.5310458,1041700
959350,450,425.5410372,1042150
959774,550,425.5918367,1042700
960340,650,425.6833945,1043350
960580,200,425.591354,1043550
960926,300,425.5401549,1043850
961217,200,425.4482478,1044050
961773,700,425.5600815,1044750
962322,600,425.6311075,1045350
962838,700,425.7427757,1046050
963261,550,425.7933279,1046600
963857,550,425.843839,1047150
964117,200,425.7520325,1047350
964396,200,425.6603007,1047550
964679,450,425.6701868,1048000
965068,400,425.6597645,1048400
965675,750,425.7913961,1049150
966062,450,425.801217,1049600
966409,300,425.7502028,1049900
966901,650,425.8411026,1050550
967239,400,425.8306321,1050950
967687,550,425.8809235,1051500
968070,500,425.9109312,1052000
968601,550,425.9611493,1052550
969084,800,426.1124595,1053350
969685,700,426.2232107,1054050
970116,450,426.2328213,1054500
970501,600,426.3030303,1055100
970970,650,426.3933764,1055750
971462,450,426.4029067,1056200
971906,600,426.4729621,1056800
972176,350,426.4421138,1057150
973056,1000,426.6733871,1058150
973321,150,426.5618702,1058300
973569,250,426.4907333,1058550
973998,600,426.5606122,1059150
974540,750,426.6908213,1059900
975027,650,426.7806841,1060550
975818,650,426.8704747,1061200
976178,400,426.8596703,1061600
976834,900,427.0498392,1062500
977123,300,426.9987947,1062800
977381,350,426.9678715,1063150
977687,50,426.8165395,1063200
978227,750,426.9462279,1063950
978486,100,426.8150822,1064050
978924,500,426.8444266,1064550
979273,400,426.8336673,1064950
979583,200,426.7427885,1065150
979833,200,426.6519824,1065350
980087,300,426.601281,1065650
980328,100,426.4705882,1065750
980707,450,426.48,1066200
981183,450,426.4894042,1066650
981595,200,426.3988809,1066850
982037,350,426.368358,1067200
982381,300,426.3178914,1067500
982694,300,426.2674651,1067800
983342,450,426.2769354,1068250
983919,650,426.3661747,1068900
984223,300,426.3157895,1069200
984680,500,426.3451574,1069700
985134,450,426.3545817,1070150
985652,550,426.4038232,1070700
986264,650,426.4928344,1071350
986656,350,426.4623955,1071700
986968,350,426.4319809,1072050
987307,150,426.3220676,1072200
987831,600,426.391097,1072800
988370,750,426.5196663,1073550
988671,400,426.5091342,1073950
989016,450,426.5184597,1074400
989282,300,426.468254,1074700
989738,600,426.5370885,1075300
990050,200,426.4472641,1075500
990481,450,426.4565993,1075950
991198,600,426.5253566,1076550
991677,400,426.5148515,1076950
992022,400,426.5043547,1077350
992360,350,426.4740799,1077700
992874,700,426.5822785,1078400
993258,300,426.5322262,1078700
993811,700,426.6403162,1079400
994272,550,426.6890557,1079950
994697,550,426.7377567,1080500
994987,250,426.6679826,1080750
995279,300,426.6179953,1081050
996040,850,426.7850099,1081900
996298,250,426.7152997,1082150
996725,550,426.7638944,1082700
996974,200,426.6745469,1082900
997354,500,426.7034265,1083400
998072,950,426.9094488,1084350
998340,300,426.8595041,1084650
998689,500,426.8882769,1085150
999004,200,426.7990562,1085350
999306,250,426.7295597,1085600
999599,300,426.6797642,1085900
999858,200,426.5907306,1086100
