Step,Reward,Total Mean,Total Reward
329,300,300,300
705,250,275,550
1301,750,433.3333333,1300
1801,450,437.5,1750
2119,450,440,2200
2439,150,391.6666667,2350
2861,250,371.4285714,2600
3222,400,375,3000
3514,200,355.5555556,3200
3812,200,340,3400
4106,150,322.7272727,3550
4502,350,325,3900
4806,100,307.6923077,4000
5484,850,346.4285714,4850
5817,250,340,5100
6154,200,331.25,5300
6643,450,338.2352941,5750
6912,300,336.1111111,6050
7316,400,339.4736842,6450
7856,500,347.5,6950
8197,200,340.4761905,7150
8483,100,329.5454545,7250
8761,150,321.7391304,7400
9034,100,312.5,7500
9315,50,302,7550
9697,300,301.9230769,7850
10078,350,303.7037037,8200
10340,100,296.4285714,8300
10680,150,291.3793103,8450
10952,150,286.6666667,8600
11323,300,287.0967742,8900
11906,450,292.1875,9350
12183,150,287.8787879,9500
12571,300,288.2352941,9800
13015,500,294.2857143,10300
13306,200,291.6666667,10500
13588,150,287.8378378,10650
13991,400,290.7894737,11050
14326,350,292.3076923,11400
14641,150,288.75,11550
14983,200,286.5853659,11750
15540,400,289.2857143,12150
15821,150,286.0465116,12300
16105,150,282.9545455,12450
16401,200,281.1111111,12650
16689,100,277.173913,12750
17003,200,275.5319149,12950
17289,200,273.9583333,13150
17751,550,279.5918367,13700
18100,350,281,14050
18461,250,280.3921569,14300
18867,100,276.9230769,14400
19204,150,274.5283019,14550
19487,150,272.2222222,14700
19850,350,273.6363636,15050
20289,400,275.8928571,15450
20571,100,272.8070175,15550
20960,250,272.4137931,15800
21237,50,268.6440678,15850
21693,250,268.3333333,16100
22056,250,268.0327869,16350
22664,750,275.8064516,17100
23021,250,275.3968254,17350
23299,150,273.4375,17500
23607,200,272.3076923,17700
24066,450,275,18150
24339,150,273.1343284,18300
24626,150,271.3235294,18450
25104,650,276.8115942,19100
25430,150,275,19250
25807,450,277.4647887,19700
26372,500,280.5555556,20200
26688,300,280.8219178,20500
26969,150,279.0540541,20650
27377,350,280,21000
27630,100,277.6315789,21100
27923,100,275.3246753,21200
28349,500,278.2051282,21700
28630,300,278.4810127,22000
28902,100,276.25,22100
29501,450,278.3950617,22550
29936,350,279.2682927,22900
30290,250,278.9156627,23150
30631,250,278.5714286,23400
31071,250,278.2352941,23650
31377,400,279.6511628,24050
31829,450,281.6091954,24500
32114,100,279.5454545,24600
32486,300,279.7752809,24900
32828,400,281.1111111,25300
33215,250,280.7692308,25550
33631,500,283.1521739,26050
33959,300,283.3333333,26350
34228,100,281.3829787,26450
34509,400,282.6315789,26850
35141,700,286.9791667,27550
35489,300,287.1134021,27850
35863,400,288.2653061,28250
36257,200,287.3737374,28450
36694,500,289.5,28950
37039,200,288.6138614,29150
37441,300,288.7254902,29450
37711,200,287.8640777,29650
38170,400,288.9423077,30050
38637,500,290.952381,30550
38899,400,291.9811321,30950
39192,150,290.6542056,31100
39554,350,291.2037037,31450
39842,200,290.3669725,31650
40133,150,289.0909091,31800
40701,550,291.4414414,32350
41046,300,291.5178571,32650
41370,150,290.2654867,32800
41768,400,291.2280702,33200
42280,700,294.7826087,33900
42619,200,293.9655172,34100
42935,150,292.7350427,34250
43256,350,293.220339,34600
43581,300,293.2773109,34900
43886,350,293.75,35250
44131,200,292.9752066,35450
44427,100,291.3934426,35550
44742,300,291.4634146,35850
45031,200,290.7258065,36050
45526,500,292.4,36550
45923,350,292.8571429,36900
46190,100,291.3385827,37000
46471,100,289.84375,37100
46768,250,289.5348837,37350
47059,200,288.8461538,37550
47482,450,290.0763359,38000
47868,300,290.1515152,38300
48156,200,289.4736842,38500
48430,150,288.4328358,38650
48740,350,288.8888889,39000
49061,250,288.6029412,39250
49356,200,287.9562044,39450
49708,250,287.6811594,39700
50105,300,287.7697842,40000
50441,350,288.2142857,40350
50692,150,287.2340426,40500
51133,600,289.4366197,41100
51419,150,288.4615385,41250
51879,400,289.2361111,41650
52393,650,291.7241379,42300
52685,300,291.7808219,42600
53025,300,291.8367347,42900
53307,200,291.2162162,43100
53681,200,290.6040268,43300
54103,450,291.6666667,43750
54522,450,292.7152318,44200
55056,550,294.4078947,44750
55592,500,295.751634,45250
55907,250,295.4545455,45500
56211,200,294.8387097,45700
56503,200,294.2307692,45900
56779,150,293.3121019,46050
57082,150,292.4050633,46200
57496,350,292.7672956,46550
57783,200,292.1875,46750
58143,400,292.8571429,47150
58423,150,291.9753086,47300
58701,250,291.7177914,47550
59131,400,292.3780488,47950
59445,300,292.4242424,48250
60065,500,293.6746988,48750
60758,650,295.8083832,49400
60999,150,294.9404762,49550
61452,500,296.1538462,50050
61772,300,296.1764706,50350
62042,150,295.3216374,50500
62340,250,295.0581395,50750
62611,100,293.9306358,50850
62929,100,292.816092,50950
63286,300,292.8571429,51250
63843,650,294.8863636,51900
64470,750,297.4576271,52650
64962,550,298.8764045,53200
65264,100,297.7653631,53300
65635,550,299.1666667,53850
65913,200,298.6187845,54050
66440,500,299.7252747,54550
66767,300,299.726776,54850
67056,100,298.6413043,54950
67336,200,298.1081081,55150
67619,200,297.5806452,55350
68049,650,299.4652406,56000
68351,200,298.9361702,56200
68794,500,300,56700
69127,400,300.5263158,57100
69404,250,300.2617801,57350
69812,550,301.5625,57900
70096,450,302.3316062,58350
70362,150,301.5463918,58500
70892,550,302.8205128,59050
71266,250,302.5510204,59300
71571,200,302.0304569,59500
71986,350,302.2727273,59850
72288,200,301.758794,60050
72816,600,303.25,60650
73063,150,302.4875622,60800
73500,450,303.2178218,61250
73904,400,303.6945813,61650
74228,200,303.1862745,61850
74532,150,302.4390244,62000
74791,200,301.9417476,62200
75286,450,302.6570048,62650
75673,350,302.8846154,63000
75937,250,302.6315789,63250
76376,550,303.8095238,63800
76680,350,304.028436,64150
77060,300,304.009434,64450
77367,350,304.2253521,64800
77699,300,304.2056075,65100
77994,300,304.1860465,65400
78291,350,304.3981481,65750
78571,200,303.9170507,65950
78864,200,303.440367,66150
79173,350,303.652968,66500
79428,150,302.9545455,66650
79708,150,302.2624434,66800
80027,250,302.027027,67050
80394,250,301.793722,67300
80723,350,302.0089286,67650
80992,200,301.5555556,67850
81261,250,301.3274336,68100
81567,200,300.8810573,68300
81874,200,300.4385965,68500
82139,150,299.7816594,68650
82520,350,300,69000
83072,400,300.4329004,69400
83300,250,300.2155172,69650
83583,350,300.4291845,70000
84013,450,301.0683761,70450
84292,350,301.2765957,70800
84722,400,301.6949153,71200
84965,200,301.2658228,71400
85513,550,302.3109244,71950
85832,250,302.0920502,72200
86368,500,302.9166667,72700
86796,400,303.3195021,73100
87058,200,302.892562,73300
87425,250,302.6748971,73550
87697,250,302.4590164,73800
88019,300,302.4489796,74100
88420,350,302.6422764,74450
88804,350,302.8340081,74800
89156,200,302.4193548,75000
89569,350,302.6104418,75350
89810,300,302.6,75650
90227,450,303.187251,76100
90604,500,303.968254,76600
90954,250,303.7549407,76850
91305,300,303.7401575,77150
91636,300,303.7254902,77450
92015,500,304.4921875,77950
92295,300,304.4747082,78250
92731,400,304.8449612,78650
92966,150,304.2471042,78800
93250,250,304.0384615,79050
93793,700,305.5555556,79750
94080,400,305.9160305,80150
94397,350,306.0836502,80500
94963,700,307.5757576,81200
95402,550,308.490566,81750
95912,700,309.962406,82450
96208,450,310.4868914,82900
96734,650,311.7537313,83550
97038,250,311.5241636,83800
97320,200,311.1111111,84000
97625,200,310.701107,84200
97967,400,311.0294118,84600
98285,250,310.8058608,84850
98548,200,310.4014599,85050
98859,200,310,85250
99228,200,309.6014493,85450
99552,300,309.566787,85750
99839,300,309.5323741,86050
100205,250,309.3189964,86300
100481,150,308.75,86450
100787,300,308.7188612,86750
101382,600,309.751773,87350
101669,300,309.7173145,87650
101928,200,309.3309859,87850
102391,400,309.6491228,88250
102666,300,309.6153846,88550
103035,400,309.9303136,88950
103401,300,309.8958333,89250
103679,350,310.0346021,89600
103964,150,309.4827586,89750
104274,250,309.2783505,90000
104571,300,309.2465753,90300
105052,650,310.4095563,90950
105523,700,311.7346939,91650
105945,500,312.3728814,92150
106216,250,312.1621622,92400
106730,600,313.1313131,93000
106998,200,312.7516779,93200
107431,650,313.8795987,93850
107893,500,314.5,94350
108181,250,314.2857143,94600
108523,450,314.7350993,95050
108811,250,314.5214521,95300
109195,450,314.9671053,95750
109501,250,314.7540984,96000
109881,550,315.5228758,96550
110164,300,315.4723127,96850
110487,250,315.2597403,97100
111020,600,316.1812298,97700
111530,500,316.7741935,98200
112075,500,317.3633441,98700
112579,450,317.7884615,99150
112951,300,317.7316294,99450
113483,700,318.9490446,100150
113830,250,318.7301587,100400
114236,400,318.9873418,100800
114768,850,320.6624606,101650
115030,250,320.4402516,101900
115465,450,320.846395,102350
115904,450,321.25,102800
116189,300,321.1838006,103100
116725,600,322.0496894,103700
117006,200,321.6718266,103900
117364,400,321.9135802,104300
117630,200,321.5384615,104500
118001,400,321.7791411,104900
118275,150,321.2538226,105050
118603,250,321.0365854,105300
118981,350,321.1246201,105650
119391,450,321.5151515,106100
119749,450,321.9033233,106550
120266,600,322.7409639,107150
120584,250,322.5225225,107400
120901,200,322.1556886,107600
121344,700,323.2835821,108300
122003,800,324.702381,109100
122353,450,325.074184,109550
122662,300,325,109850
122917,250,324.7787611,110100
123307,600,325.5882353,110700
123681,450,325.9530792,111150
124294,850,327.4853801,112000
124666,300,327.4052478,112300
125168,400,327.6162791,112700
125507,350,327.6811594,113050
125824,300,327.6011561,113350
126097,150,327.0893372,113500
126503,300,327.0114943,113800
126979,400,327.2206304,114200
127365,350,327.2857143,114550
127975,650,328.2051282,115200
128398,450,328.5511364,115650
128877,650,329.4617564,116300
129233,350,329.519774,116650
129590,400,329.7183099,117050
130025,250,329.494382,117300
130296,150,328.9915966,117450
130649,300,328.9106145,117750
130976,300,328.8300836,118050
131390,550,329.4444444,118600
131850,350,329.501385,118950
132234,450,329.8342541,119400
132816,600,330.5785124,120000
133432,700,331.5934066,120700
134027,1100,333.6986301,121800
134445,400,333.8797814,122200
134805,450,334.1961853,122650
135108,350,334.2391304,123000
135538,750,335.3658537,123750
135861,300,335.2702703,124050
136238,300,335.1752022,124350
136879,600,335.8870968,124950
137141,150,335.3887399,125100
137439,250,335.1604278,125350
137674,200,334.8,125550
138063,650,335.6382979,126200
138338,250,335.4111406,126450
138744,500,335.8465608,126950
139093,300,335.7519789,127250
139314,250,335.5263158,127500
139759,550,336.0892388,128050
140187,350,336.1256545,128400
140651,750,337.2062663,129150
141128,600,337.890625,129750
141400,200,337.5324675,129950
141824,550,338.0829016,130500
142134,200,337.7260982,130700
142503,400,337.8865979,131100
142766,250,337.6606684,131350
143172,400,337.8205128,131750
143482,300,337.7237852,132050
143991,650,338.5204082,132700
144684,600,339.1857506,133300
145045,350,339.213198,133650
145357,200,338.8607595,133850
145710,400,339.0151515,134250
146016,350,339.0428212,134600
146425,400,339.1959799,135000
146843,450,339.4736842,135450
147333,450,339.75,135900
147621,350,339.7755611,136250
147913,350,339.800995,136600
148286,400,339.9503722,137000
148691,550,340.470297,137550
149228,800,341.6049383,138350
149661,550,342.1182266,138900
149999,350,342.1375921,139250
150316,350,342.1568627,139600
150586,300,342.0537897,139900
150875,550,342.5609756,140450
151312,550,343.0656934,141000
151672,300,342.961165,141300
152107,650,343.7046005,141950
152639,750,344.6859903,142700
153057,450,344.939759,143150
153386,400,345.0721154,143550
153717,400,345.2038369,143950
154011,250,344.9760766,144200
154265,300,344.8687351,144500
154666,550,345.3571429,145050
155226,600,345.9619952,145650
155681,450,346.2085308,146100
156355,850,347.3995272,146950
156810,450,347.6415094,147400
157154,350,347.6470588,147750
157604,650,348.3568075,148400
157876,300,348.2435597,148700
158541,650,348.9485981,149350
158864,300,348.8344988,149650
159301,500,349.1860465,150150
159701,450,349.4199536,150600
160176,700,350.2314815,151300
160672,650,350.9237875,151950
161028,350,350.921659,152300
161393,400,351.0344828,152700
161672,350,351.0321101,153050
162050,550,351.4874142,153600
162472,500,351.826484,154100
162762,300,351.7084282,154400
163125,350,351.7045455,154750
163527,500,352.0408163,155250
164022,650,352.7149321,155900
164486,750,353.6117381,156650
164919,500,353.9414414,157150
165323,550,354.3820225,157700
165788,600,354.9327354,158300
166127,300,354.8098434,158600
166530,500,355.1339286,159100
166886,450,355.3452116,159550
167157,250,355.1111111,159800
167441,250,354.8780488,160050
167808,500,355.199115,160550
168110,200,354.8565121,160750
168474,450,355.0660793,161200
168867,350,355.0549451,161550
169386,700,355.8114035,162250
169812,500,356.1269147,162750
170122,400,356.2227074,163150
170516,400,356.3180828,163550
171064,900,357.5,164450
171577,600,358.0260304,165050
172080,500,358.3333333,165550
172419,450,358.5313175,166000
172707,200,358.1896552,166200
173238,600,358.7096774,166800
173639,450,358.9055794,167250
173915,300,358.7794433,167550
174231,300,358.6538462,167850
174589,400,358.7420043,168250
175013,700,359.4680851,168950
175409,350,359.447983,169300
175923,850,360.4872881,170150
176201,400,360.5708245,170550
176735,700,361.2869198,171250
177239,500,361.5789474,171750
177808,850,362.605042,172600
178236,450,362.78826,173050
178656,600,363.2845188,173650
179356,1100,364.822547,174750
179676,350,364.7916667,175100
180176,550,365.1767152,175650
180889,550,365.560166,176200
181319,550,365.942029,176750
181585,250,365.7024793,177000
181907,350,365.6701031,177350
182211,350,365.6378601,177700
182830,650,366.2217659,178350
183251,600,366.7008197,178950
183636,600,367.1779141,179550
184129,400,367.244898,179950
184403,350,367.209776,180300
184809,500,367.4796748,180800
185180,400,367.5456389,181200
185596,600,368.0161943,181800
186084,800,368.8888889,182600
186480,450,369.0524194,183050
186915,550,369.416499,183600
187571,800,370.2811245,184400
188153,900,371.3426854,185300
188589,650,371.9,185950
188908,300,371.756487,186250
189213,250,371.5139442,186500
189647,550,371.8687873,187050
190170,600,372.3214286,187650
190650,650,372.8712871,188300
191069,500,373.1225296,188800
191499,250,372.8796844,189050
191886,400,372.9330709,189450
192274,500,373.1827112,189950
192570,500,373.4313725,190450
192898,300,373.2876712,190750
193348,750,374.0234375,191500
193810,750,374.7563353,192250
194126,300,374.6108949,192550
194536,550,374.9514563,193100
194938,550,375.2906977,193650
195229,100,374.7582205,193750
195709,500,375,194250
196259,650,375.5298651,194900
196635,450,375.6730769,195350
197003,400,375.7197697,195750
197354,350,375.6704981,196100
197627,300,375.5258126,196400
197923,350,375.4770992,196750
198684,1100,376.8571429,197850
199328,900,377.851711,198750
199716,600,378.2732448,199350
200254,600,378.6931818,199950
200745,650,379.2060491,200600
201163,400,379.245283,201000
201410,350,379.1902072,201350
201701,250,378.9473684,201600
202133,450,379.0806754,202050
202446,400,379.1198502,202450
203007,700,379.7196262,203150
203375,450,379.8507463,203600
203591,250,379.6089385,203850
203903,400,379.6468401,204250
204559,900,380.6122449,205150
204953,450,380.7407407,205600
205231,150,380.3142329,205750
205611,400,380.3505535,206150
205965,150,379.9263352,206300
206323,450,380.0551471,206750
206731,650,380.5504587,207400
206998,300,380.4029304,207700
207378,550,380.7129799,208250
207760,400,380.7481752,208650
208252,700,381.3296903,209350
208558,300,381.1818182,209650
208868,400,381.215971,210050
209231,650,381.7028986,210700
209610,300,381.5551537,211000
209913,350,381.4981949,211350
210185,200,381.1711712,211550
210523,450,381.294964,212000
211109,650,381.7773788,212650
211358,200,381.4516129,212850
211672,300,381.3059034,213150
212077,500,381.5178571,213650
212573,450,381.6399287,214100
213236,750,382.2953737,214850
213668,500,382.5044405,215350
214168,750,383.1560284,216100
214750,700,383.7168142,216800
215347,700,384.2756184,217500
215815,550,384.5679012,218050
216222,400,384.5950704,218450
216493,150,384.1827768,218600
216792,350,384.122807,218950
217354,600,384.5008757,219550
217763,600,384.8776224,220150
218076,300,384.7294939,220450
218511,600,385.1045296,221050
219046,450,385.2173913,221500
219432,400,385.2430556,221900
219874,450,385.355286,222350
220372,800,386.0726644,223150
220689,350,386.0103627,223500
221097,500,386.2068966,224000
221404,350,386.1445783,224350
222053,1000,387.1993127,225350
222478,350,387.135506,225700
222829,250,386.9006849,225950
223310,650,387.3504274,226600
223779,450,387.4573379,227050
224427,950,388.4156729,228000
224762,550,388.6904762,228550
225156,350,388.6247878,228900
225531,300,388.4745763,229200
225819,350,388.4094755,229550
226367,500,388.597973,230050
226864,950,389.544688,231000
227208,400,389.5622896,231400
227510,200,389.2436975,231600
227950,550,389.5134228,232150
228310,350,389.4472362,232500
228667,400,389.4648829,232900
229172,900,390.3171953,233800
229409,300,390.1666667,234100
229844,350,390.0998336,234450
230437,600,390.448505,235050
230743,250,390.2155887,235300
231049,450,390.3145695,235750
231395,400,390.3305785,236150
231754,350,390.2640264,236500
232196,500,390.4448105,237000
233205,850,391.2006579,237850
233733,550,391.4614122,238400
234261,850,392.2131148,239250
234741,750,392.7986907,240000
235806,800,393.4640523,240800
236230,400,393.4747145,241200
236625,550,393.7296417,241750
237137,800,394.3902439,242550
237659,350,394.3181818,242900
238418,750,394.8946515,243650
239232,1100,396.0355987,244750
239718,700,396.5266559,245450
240367,850,397.2580645,246300
240902,950,398.1481481,247250
241304,600,398.4726688,247850
241807,500,398.635634,248350
242214,400,398.6378205,248750
242639,600,398.96,249350
242953,400,398.9616613,249750
243269,350,398.8835726,250100
243852,900,399.6815287,251000
244136,400,399.682035,251400
244626,550,399.9206349,251950
244892,200,399.6038035,252150
245240,250,399.3670886,252400
245596,450,399.4470774,252850
246172,650,399.8422713,253500
246458,200,399.5275591,253700
246861,300,399.3710692,254000
247528,750,399.9215071,254750
248019,750,400.4702194,255500
248421,400,400.4694836,255900
248827,450,400.546875,256350
249236,400,400.5460218,256750
249928,1150,401.7133956,257900
250361,700,402.1772939,258600
250737,350,402.0962733,258950
251103,400,402.0930233,259350
251412,150,401.7027864,259500
251891,450,401.7774343,259950
252169,250,401.5432099,260200
252488,300,401.3867488,260500
252795,350,401.3076923,260850
253108,350,401.2288786,261200
253793,900,401.993865,262100
254161,350,401.914242,262450
254642,650,402.293578,263100
255394,800,402.9007634,263900
255751,400,402.8963415,264300
256042,250,402.6636225,264550
256396,400,402.6595745,264950
256807,550,402.8831563,265500
257394,850,403.5606061,266350
257731,400,403.5552194,266750
258275,800,404.1540785,267550
258677,650,404.5248869,268200
259032,350,404.4427711,268550
259309,350,404.3609023,268900
259613,350,404.2792793,269250
259989,550,404.4977511,269800
260334,450,404.5658683,270250
260720,600,404.857997,270850
261091,400,404.8507463,271250
261779,800,405.4396423,272050
262067,100,404.985119,272150
262425,400,404.9777117,272550
262858,450,405.0445104,273000
263290,650,405.4074074,273650
264107,1300,406.7307692,274950
264563,600,407.0162482,275550
264996,350,406.9321534,275900
265367,450,406.9955817,276350
265948,700,407.4264706,277050
266213,250,407.195301,277300
266560,300,407.0381232,277600
266992,600,407.3206442,278200
267553,750,407.8216374,278950
267890,300,407.6642336,279250
268242,400,407.6530612,279650
268603,400,407.6419214,280050
269030,550,407.8488372,280600
269430,500,407.9825835,281100
270017,800,408.5507246,281900
270434,550,408.7554269,282450
270820,450,408.8150289,282900
271191,500,408.9466089,283400
271599,600,409.221902,284000
272110,300,409.0647482,284300
272453,450,409.1235632,284750
272872,600,409.3974175,285350
273432,850,410.0286533,286200
273708,400,410.0143062,286600
274072,600,410.2857143,287200
274512,500,410.4136947,287700
274882,650,410.7549858,288350
275437,500,410.8819346,288850
275920,750,411.3636364,289600
276254,550,411.5602837,290150
276745,350,411.4730878,290500
277180,400,411.45686,290900
277712,750,411.9350282,291650
278195,600,412.2002821,292250
278528,550,412.3943662,292800
279022,350,412.3066104,293150
279522,950,413.0617978,294100
280086,600,413.3239832,294700
280366,200,413.0252101,294900
280690,300,412.8671329,295200
280966,250,412.6396648,295450
281269,350,412.5523013,295800
281653,600,412.8133705,296400
281949,250,412.5869263,296650
282397,500,412.7083333,297150
282691,300,412.5520111,297450
282962,250,412.3268698,297700
283233,300,412.1715076,298000
283548,300,412.0165746,298300
284010,650,412.3448276,298950
284395,450,412.3966942,299400
284819,400,412.3796424,299800
285500,750,412.8434066,300550
286280,900,413.5116598,301450
286721,850,414.109589,302300
287086,350,414.0218878,302650
287399,200,413.7295082,302850
287877,500,413.8472033,303350
288246,350,413.760218,303700
288730,550,413.9455782,304250
289030,200,413.6548913,304450
289556,650,413.9755767,305100
289981,550,414.1598916,305650
290406,400,414.1407307,306050
290737,250,413.9189189,306300
291011,300,413.7651822,306600
291371,400,413.7466307,307000
291665,300,413.5935397,307300
292207,550,413.7768817,307850
292604,350,413.6912752,308200
293178,600,413.9410188,308800
293695,550,414.1231593,309350
293987,350,414.0374332,309700
294350,550,414.2189586,310250
295055,750,414.6666667,311000
295362,250,414.4474035,311250
295722,400,414.4281915,311650
296223,400,414.4090305,312050
296758,600,414.6551724,312650
297059,300,414.5033113,312950
297633,550,414.6825397,313500
298027,700,415.0594452,314200
298453,350,414.9736148,314550
298990,550,415.1515152,315100
299379,450,415.1973684,315550
299735,250,414.9802891,315800
300089,400,414.9606299,316200
300690,700,415.3342071,316900
301056,350,415.2486911,317250
301377,250,415.0326797,317500
302030,450,415.078329,317950
302425,400,415.0586701,318350
302792,250,414.84375,318600
303486,650,415.1495449,319250
303785,200,414.8701299,319450
304320,900,415.4993515,320350
304900,600,415.738342,320950
305254,400,415.7179819,321350
305571,300,415.5684755,321650
305894,300,415.4193548,321950
306451,500,415.5283505,322450
306851,500,415.6370656,322950
307290,550,415.8097686,323500
307564,200,415.5327343,323700
307919,400,415.5128205,324100
308315,350,415.4289373,324450
308805,550,415.601023,325000
309305,600,415.8365262,325600
309711,550,416.0076531,326150
310258,650,416.3057325,326800
310688,600,416.5394402,327400
311054,400,416.5184244,327800
311429,400,416.4974619,328200
311834,500,416.6032953,328700
312136,350,416.5189873,329050
312480,450,416.5613148,329500
312851,450,416.6035354,329950
313200,400,416.5825977,330350
313448,300,416.4357683,330650
314061,700,416.7924528,331350
314623,700,417.1482412,332050
315153,550,417.314931,332600
315600,600,417.5438596,333200
315957,400,417.5219024,333600
316289,200,417.25,333800
316645,400,417.2284644,334200
317179,600,417.4563591,334800
317635,500,417.5591532,335300
318037,650,417.8482587,335950
318344,400,417.826087,336350
318742,450,417.866005,336800
319095,450,417.905824,337250
319615,700,418.2549505,337950
319899,300,418.1087763,338250
320271,400,418.0864198,338650
320648,400,418.0641184,339050
320923,200,417.7955665,339250
321284,400,417.7736777,339650
321701,650,418.0589681,340300
321991,250,417.8527607,340550
322418,400,417.8308824,340950
322962,700,418.1762546,341650
323237,400,418.1540342,342050
323527,400,418.1318681,342450
323983,550,418.2926829,343000
324349,500,418.3922046,343500
325042,800,418.8564477,344300
325372,300,418.7120292,344600
325831,700,419.0533981,345300
326259,700,419.3939394,346000
326699,500,419.4915254,346500
327016,350,419.407497,346850
327444,600,419.6256039,347450
327846,650,419.9034982,348100
328309,450,419.939759,348550
328659,450,419.9759326,349000
328966,300,419.8317308,349300
329240,400,419.8079232,349700
329662,500,419.9040767,350200
330070,600,420.1197605,350800
330318,300,419.9760766,351100
330639,300,419.832736,351400
331069,500,419.928401,351900
331458,500,420.0238379,352400
331832,550,420.1785714,352950
332239,550,420.332937,353500
332853,900,420.9026128,354400
333163,300,420.7591934,354700
333711,800,421.2085308,355500
334329,850,421.7159763,356350
334770,650,421.9858156,357000
335072,300,421.8417946,357300
335478,600,422.0518868,357900
335832,400,422.0259128,358300
336195,450,422.0588235,358750
336674,850,422.5616921,359600
337150,700,422.8873239,360300
337434,250,422.6846424,360550
337817,500,422.7751756,361050
338362,700,423.0994152,361750
338872,750,423.4813084,362500
339617,850,423.9789965,363350
339995,450,424.009324,363800
340351,350,423.9231665,364150
340736,450,423.9534884,364600
340998,350,423.8675958,364950
341261,300,423.7238979,365250
341839,650,423.986095,365900
342277,550,424.1319444,366450
342749,700,424.4508671,367150
343144,500,424.5381062,367650
343705,800,424.9711649,368450
344244,700,425.2880184,369150
344901,950,425.8918297,370100
345157,300,425.7471264,370400
345550,350,425.6601607,370750
345883,350,425.5733945,371100
346333,600,425.7731959,371700
346735,450,425.8009153,372150
347356,900,426.3428571,373050
347660,250,426.1415525,373300
348071,550,426.2827822,373850
348733,950,426.8792711,374800
349344,850,427.3606371,375650
349612,250,427.1590909,375900
350248,850,427.6390465,376750
350653,550,427.7777778,377300
350957,300,427.6330691,377600
351245,350,427.5452489,377950
351647,500,427.6271186,378450
352098,600,427.8216704,379050
352402,350,427.7339346,379400
352913,800,428.1531532,380200
353357,600,428.3464567,380800
353778,700,428.6516854,381500
354182,650,428.9001122,382150
354582,400,428.867713,382550
355076,700,429.1713326,383250
355483,600,429.3624161,383850
356280,900,429.8882682,384750
356577,350,429.7991071,385100
356976,600,429.9888517,385700
357329,400,429.9554566,386100
357605,400,429.9221357,386500
358086,450,429.9444444,386950
358350,350,429.8557159,387300
358797,400,429.8226164,387700
359042,100,429.4573643,387800
359479,650,429.7013274,388450
360020,750,430.0552486,389200
360460,600,430.2428256,389800
360896,500,430.3197354,390300
361443,850,430.7819383,391150
361743,350,430.6930693,391500
362140,400,430.6593407,391900
362578,550,430.7903403,392450
363112,800,431.1951754,393250
363690,750,431.5443593,394000
363958,300,431.4004376,394300
364313,350,431.3114754,394650
364810,550,431.441048,395200
365077,300,431.2977099,395500
365599,700,431.5904139,396200
365946,450,431.6104461,396650
366467,550,431.7391304,397200
366732,450,431.7589577,397650
367005,200,431.5075922,397850
367287,350,431.4192849,398200
367900,900,431.9264069,399100
368252,450,431.9459459,399550
368604,450,431.9654428,400000
368972,400,431.9309601,400400
369352,400,431.8965517,400800
369702,600,432.0775027,401400
370198,750,432.4193548,402150
370538,300,432.2771214,402450
371093,650,432.5107296,403100
371517,550,432.6366559,403650
371824,350,432.5481799,404000
372289,700,432.8342246,404700
372791,650,433.0662393,405350
373102,300,432.9242263,405650
373433,350,432.8358209,406000
373840,550,432.9605964,406550
374297,550,433.0851064,407100
374610,550,433.2093518,407650
375213,750,433.5456476,408400
375707,600,433.7221633,409000
376065,450,433.7394068,409450
376469,600,433.9153439,410050
376796,350,433.8266385,410400
377094,500,433.8965153,410900
377561,550,434.0189873,411450
377922,400,433.9831401,411850
378234,400,433.9473684,412250
378543,400,433.9116719,412650
378911,450,433.9285714,413100
379324,400,433.8929696,413500
379868,700,434.1719078,414200
380166,450,434.1884817,414650
380673,600,434.3619247,415250
380995,350,434.2737722,415600
381407,650,434.4989562,416250
381828,550,434.6193952,416800
382366,900,435.1041667,417700
382779,500,435.1716961,418200
383232,500,435.2390852,418700
383743,600,435.4101765,419300
384136,550,435.5290456,419850
384509,650,435.7512953,420500
384829,500,435.8178054,421000
385396,550,435.9358842,421550
385892,500,436.0020661,422050
386514,900,436.4809082,422950
387056,700,436.7525773,423650
387593,650,436.9721936,424300
387851,300,436.8312757,424600
388292,400,436.7934224,425000
388722,600,436.9609856,425600
389285,900,437.4358974,426500
389682,500,437.5,427000
390308,1000,438.0757421,428000
390776,650,438.2924335,428650
391291,500,438.3554648,429150
391854,750,438.6734694,429900
392299,450,438.6850153,430350
392571,200,438.4419552,430550
392975,650,438.6571719,431200
393320,400,438.6178862,431600
393631,400,438.5786802,432000
393975,450,438.5902637,432450
394532,800,438.9564336,433250
395125,850,439.3724696,434100
395524,600,439.5348837,434700
395914,400,439.4949495,435100
396181,200,439.2532795,435300
396626,550,439.3649194,435850
396910,200,439.1238671,436050
397274,300,438.9839034,436350
397853,700,439.2462312,437050
398247,450,439.2570281,437500
398675,400,439.217653,437900
399044,200,438.9779559,438100
399319,400,438.9389389,438500
399596,300,438.8,438800
400079,800,439.1608392,439600
400494,700,439.4211577,440300
401026,600,439.5812562,440900
401429,650,439.7908367,441550
401756,300,439.6517413,441850
402168,450,439.6620278,442300
402443,150,439.3743793,442450
402815,400,439.3353175,442850
403074,250,439.147671,443100
403350,300,439.009901,443400
403760,450,439.0207715,443850
404168,550,439.1304348,444400
404476,300,438.9930898,444700
404859,350,438.9053254,445050
405347,700,439.1625616,445750
405949,650,439.3700787,446400
406315,650,439.5771878,447050
406852,650,439.78389,447700
407158,250,439.5976447,447950
407426,300,439.4607843,448250
407829,400,439.4221352,448650
408127,300,439.2857143,448950
408523,450,439.2961877,449400
409255,800,439.6484375,450200
409764,550,439.7560976,450750
410071,450,439.7660819,451200
410436,550,439.8734177,451750
410964,650,440.077821,452400
411357,450,440.0874636,452850
411809,750,440.3883495,453600
412203,450,440.3976722,454050
412510,300,440.2616279,454350
413038,500,440.3194579,454850
413343,350,440.2321083,455200
413643,400,440.1932367,455600
414083,450,440.2027027,456050
414520,750,440.5014465,456800
414865,300,440.3660886,457100
415122,200,440.1347449,457300
415429,400,440.0961538,457700
415758,550,440.2017291,458250
416345,650,440.403071,458900
416788,500,440.4602109,459400
417199,450,440.4693487,459850
417558,400,440.430622,460250
418212,900,440.8699809,461150
418597,550,440.974212,461700
419125,850,441.3645038,462550
419702,600,441.5157293,463150
420045,550,441.6190476,463700
420338,200,441.3891532,463900
420718,650,441.5874525,464550
421431,850,441.9753086,465400
422153,1050,442.5521822,466450
422428,0,442.1327014,466450
422703,400,442.092803,466850
422979,250,441.9110691,467100
423749,850,442.2967864,467950
424019,200,442.0679887,468150
424499,600,442.2169811,468750
424872,400,442.1771913,469150
425185,300,442.0433145,469450
425417,250,441.8626529,469700
425989,700,442.1052632,470400
426778,950,442.5821596,471350
427294,850,442.9643527,472200
427584,400,442.9240862,472600
427899,300,442.7902622,472900
428474,850,443.171188,473750
428980,650,443.364486,474400
429578,700,443.6041083,475100
430065,500,443.6567164,475600
430422,450,443.6626281,476050
430726,300,443.5288641,476350
431025,250,443.3488372,476600
431479,500,443.401487,477100
431933,750,443.6861653,477850
432362,500,443.7384045,478350
432654,350,443.6515292,478700
432939,450,443.6574074,479150
433385,650,443.8482886,479800
433675,200,443.6229205,480000
433982,350,443.5364728,480350
434290,400,443.49631,480750
434573,350,443.4101382,481100
435107,550,443.5082873,481650
435375,300,443.3762649,481950
435803,500,443.4283088,482450
436114,300,443.2966024,482750
436545,500,443.3486239,483250
436948,450,443.3547204,483700
437389,750,443.6355311,484450
437772,450,443.6413541,484900
438050,300,443.5100548,485200
438446,450,443.5159817,485650
438720,300,443.3850365,485950
439089,650,443.573382,486600
439404,400,443.5336976,487000
439907,800,443.8580528,487800
440341,450,443.8636364,488250
440841,600,444.0054496,488850
441734,1050,444.5553539,489900
442129,300,444.4242974,490200
442442,200,444.2028986,490400
442897,600,444.3438914,491000
443373,400,444.3037975,491400
443759,550,444.3992773,491950
444194,500,444.4494585,492450
444541,300,444.3192065,492750
445066,600,444.4594595,493350
445465,450,444.4644464,493800
445820,400,444.4244604,494200
446173,300,444.294699,494500
446577,650,444.4793537,495150
446998,300,444.3497758,495450
447380,550,444.4444444,496000
447767,450,444.4494181,496450
448175,250,444.2754919,496700
448869,750,444.5487042,497450
449240,450,444.5535714,497900
449498,300,444.4246209,498200
449853,500,444.4741533,498700
450120,250,444.3009795,498950
450612,650,444.4839858,499600
451016,400,444.4444444,500000
451317,350,444.3605684,500350
451585,250,444.18811,500600
451986,450,444.1932624,501050
452337,450,444.1984057,501500
452867,800,444.5132743,502300
453264,550,444.6065429,502850
453562,200,444.3904594,503050
453883,450,444.3954104,503500
454249,500,444.4444444,504000
454582,350,444.3612335,504350
454981,450,444.3661972,504800
455384,500,444.4151275,505300
455790,700,444.6397188,506000
456210,650,444.8200176,506650
456850,850,445.1754386,507500
457249,450,445.179667,507950
457668,600,445.3152364,508550
458002,450,445.3193351,509000
458305,250,445.1486014,509250
458681,400,445.1091703,509650
459065,250,444.938918,509900
459596,900,445.3356582,510800
459941,300,445.2090592,511100
460316,450,445.2132289,511550
460653,250,445.0434783,511800
461103,650,445.2215465,512450
461950,1200,445.8767361,513650
462310,400,445.8369471,514050
462748,700,446.0571924,514750
463152,450,446.0606061,515200
463674,800,446.366782,516000
464229,900,446.7588591,516900
464630,500,446.8048359,517400
464999,450,446.8075928,517850
465305,500,446.8534483,518350
465582,150,446.5977606,518500
465891,300,446.4716007,518800
466255,250,446.3026655,519050
466733,750,446.5635739,519800
467505,900,446.9527897,520700
467890,600,447.084048,521300
468476,750,447.3436161,522050
469053,800,447.6455479,522850
469367,400,447.6047904,523250
469692,450,447.6068376,523700
470263,800,447.9077711,524500
470714,150,447.6535836,524650
471139,500,447.6982097,525150
471386,200,447.4872232,525350
471666,300,447.3617021,525650
472091,550,447.4489796,526200
472341,350,447.3661852,526550
472733,600,447.4957555,527150
473007,250,447.3282443,527400
473464,500,447.3728814,527900
473888,350,447.2904318,528250
474190,300,447.1658206,528550
474731,800,447.4640744,529350
475410,900,447.8462838,530250
475809,600,447.9746835,530850
476203,450,447.9763912,531300
476775,900,448.357203,532200
477081,400,448.3164983,532600
477439,450,448.3179142,533050
477745,300,448.1932773,533350
478129,500,448.2367758,533850
478472,300,448.1124161,534150
478797,400,448.0720872,534550
479319,600,448.19933,535150
479652,300,448.0753138,535450
480152,450,448.0769231,535900
480486,350,447.9949875,536250
480759,250,447.8297162,536500
481154,600,447.9566305,537100
481692,650,448.125,537750
482076,400,448.0849292,538150
482352,300,447.9617304,538450
482792,650,448.1296758,539100
483077,250,447.9651163,539350
483510,700,448.1742739,540050
483756,150,447.9270315,540200
484305,700,448.1358741,540900
484649,450,448.1374172,541350
484986,350,448.0562448,541700
485523,600,448.1818182,542300
485908,300,448.059455,542600
486441,450,448.0610561,543050
486760,250,447.8977741,543300
487045,200,447.693575,543500
487327,300,447.5720165,543800
487817,650,447.7384868,544450
488118,250,447.5760066,544700
488580,650,447.7422003,545350
489100,350,447.662018,545700
489478,400,447.6229508,546100
489818,350,447.5429975,546450
490203,500,447.5859247,546950
490610,400,447.5470155,547350
491298,750,447.7941176,548100
491639,250,447.6326531,548350
491920,200,447.4306688,548550
492445,650,447.595762,549200
492992,700,447.8013029,549900
493316,150,447.558991,550050
493663,400,447.5203252,550450
494023,200,447.3192526,550650
494416,450,447.3214286,551100
494758,300,447.2019465,551400
495209,450,447.2042139,551850
495514,400,447.1659919,552250
495969,450,447.1682848,552700
496376,550,447.2514147,553250
496786,400,447.2132472,553650
497123,300,447.094431,553950
497616,250,446.9354839,554200
498140,850,447.260274,555050
498750,500,447.3027375,555550
499030,250,447.1440064,555800
499605,600,447.266881,556400
500018,800,447.5502008,557200
500361,500,447.5922953,557700
500662,350,447.5140337,558050
501086,600,447.6362179,558650
501539,650,447.7982386,559300
502331,950,448.2,560250
502693,550,448.2813749,560800
503095,250,448.1230032,561050
503499,400,448.084597,561450
504038,750,448.3253589,562200
504714,550,448.4063745,562750
505382,700,448.6066879,563450
505740,400,448.5680191,563850
505997,350,448.4896661,564200
506287,350,448.4114376,564550
506613,400,448.3730159,564950
507280,950,448.7708168,565900
507592,200,448.5736926,566100
507876,450,448.5748219,566550
508145,300,448.4572785,566850
508592,400,448.4189723,567250
508953,400,448.3807267,567650
509527,650,448.5398579,568300
509877,400,448.5015773,568700
510315,400,448.463357,569100
511127,800,448.7401575,569900
511652,650,448.8985051,570550
511978,450,448.8993711,571000
512377,450,448.9002357,571450
512963,900,449.2543171,572350
513241,150,449.0196078,572500
513580,500,449.0595611,573000
513886,250,448.9036805,573250
514175,100,448.6306729,573350
514705,600,448.7490227,573950
515160,400,448.7109375,574350
515513,250,448.5558158,574600
515873,400,448.5179407,575000
516175,200,448.3242401,575200
516462,350,448.2476636,575550
517093,650,448.4046693,576200
517402,200,448.2115086,576400
517724,350,448.1351981,576750
518307,650,448.2919255,577400
518908,850,448.6035687,578250
519260,400,448.5658915,578650
519791,550,448.6444617,579200
520072,150,448.4133127,579350
520747,650,448.5692189,580000
521061,400,448.5316847,580400
521484,350,448.4555985,580750
521874,400,448.4182099,581150
522203,250,448.2652274,581400
522594,350,448.1895223,581750
523132,800,448.4603541,582550
523396,250,448.3076923,582800
523850,600,448.424289,583400
524213,450,448.4254992,583850
524832,900,448.7720645,584750
525414,800,449.041411,585550
525763,450,449.0421456,586000
526401,950,449.4257274,586950
527011,800,449.6939556,587750
527439,600,449.8088685,588350
528013,550,449.8854087,588900
528543,650,450.0381679,589550
528892,250,449.8855835,589800
529200,300,449.7713415,590100
529507,250,449.6191927,590350
529852,300,449.5053272,590650
530190,500,449.5437262,591150
530692,600,449.6580547,591750
531106,500,449.6962794,592250
531461,300,449.5827011,592550
531817,300,449.4692949,592850
532387,800,449.7348485,593650
532710,100,449.4700984,593750
532942,250,449.3192133,594000
533330,350,449.2441421,594350
533784,500,449.2824773,594850
534056,200,449.0943396,595050
534502,600,449.2081448,595650
534944,500,449.2464205,596150
535486,650,449.3975904,596800
535805,250,449.2475546,597050
536186,500,449.2857143,597550
536834,450,449.2862509,598000
537155,450,449.2867868,598450
537455,200,449.0997749,598650
537731,150,448.8755622,598800
538090,250,448.7265918,599050
538484,700,448.9146707,599750
538894,500,448.9528796,600250
539241,300,448.8415546,600550
539705,550,448.9171023,601100
540079,550,448.9925373,601650
540381,250,448.8441462,601900
540658,50,448.5469449,601950
541402,750,448.7714073,602700
541803,450,448.7723214,603150
542121,400,448.7360595,603550
542708,700,448.922734,604250
542982,50,448.6265776,604300
543553,700,448.8130564,605000
543954,650,448.9621942,605650
544469,650,449.1111111,606300
544739,300,449.0007402,606600
545194,450,449.0014793,607050
545672,700,449.1869919,607750
546386,700,449.3722304,608450
546961,800,449.6309963,609250
547464,750,449.8525074,610000
547827,250,449.7052321,610250
548198,300,449.5949926,610550
548549,350,449.5217071,610900
549028,650,449.6691176,611550
549621,700,449.8530492,612250
550168,650,450,612900
550684,650,450.1467351,613550
551042,450,450.1466276,614000
551560,750,450.3663004,614750
552133,650,450.5124451,615400
552425,350,450.4389173,615750
553031,750,450.6578947,616500
553469,750,450.8765522,617250
554087,850,451.1678832,618100
554494,550,451.2399708,618650
555022,550,451.3119534,619200
555757,900,451.6387473,620100
556195,700,451.8195051,620800
556629,600,451.9272727,621400
557234,800,452.1802326,622200
557737,650,452.3238925,622850
558293,850,452.6124819,623700
558638,350,452.5380711,624050
558968,450,452.5362319,624500
559355,400,452.4981897,624900
559725,550,452.568741,625450
560244,700,452.74765,626150
560693,800,452.9985549,626950
561265,550,453.0685921,627500
561531,100,452.8138528,627600
561894,550,452.8839221,628150
562402,750,453.0979827,628900
562806,300,452.987761,629200
563069,350,452.9136691,629550
563510,550,452.9834651,630100
563825,350,452.9094828,630450
564099,350,452.8356066,630800
564707,600,452.9411765,631400
565164,600,453.046595,632000
565431,50,452.7578797,632050
565899,450,452.7559055,632500
566267,400,452.7181688,632900
566790,650,452.8591851,633550
567037,150,452.6428571,633700
567626,600,452.7480371,634300
567904,250,452.6034237,634550
568165,300,452.4946543,634850
568583,600,452.5997151,635450
568964,500,452.633452,635950
569479,750,452.8449502,636700
569891,600,452.949538,637300
570660,850,453.2315341,638150
570966,350,453.1582683,638500
571326,400,453.1205674,638900
571798,450,453.1183558,639350
572762,950,453.470255,640300
573328,650,453.6093418,640950
573758,600,453.7128713,641550
574697,1150,454.204947,642700
575021,300,454.0960452,643000
575393,200,453.9167255,643200
576063,800,454.1607898,644000
576463,300,454.0521494,644300
576820,400,454.0140845,644700
577209,450,454.0112597,645150
577746,500,454.0436006,645650
578096,400,454.0056219,646050
578800,1350,454.6348315,647400
579064,200,454.4561404,647600
579457,450,454.4530154,648050
579816,350,454.3798178,648400
580668,1250,454.9369748,649650
581125,400,454.8985304,650050
581644,850,455.1748252,650900
581915,100,454.9266247,651000
582184,200,454.7486034,651200
582719,450,454.7452896,651650
582995,250,454.6025105,651900
583271,150,454.3902439,652050
583942,900,454.7005571,652950
584299,350,454.6276966,653300
584743,550,454.6940195,653850
585273,750,454.8992356,654600
585791,800,455.1388889,655400
586281,400,455.1006246,655800
586559,300,454.9930652,656100
586837,200,454.8163548,656300
587245,600,454.9168975,656900
588101,950,455.2595156,657850
588542,450,455.2558783,658300
588826,150,455.0449205,658450
589099,250,454.9033149,658700
589542,550,454.9689441,659250
590202,700,455.137931,659950
590499,300,455.0310131,660250
590857,400,454.9931129,660650
591291,450,454.9896765,661100
591773,650,455.1237964,661750
592179,250,454.9828179,662000
592473,300,454.8763736,662300
593112,1000,455.2505148,663300
593465,300,455.1440329,663600
593897,650,455.2775874,664250
594252,400,455.239726,664650
594739,500,455.2703628,665150
595211,500,455.3009576,665650
595645,500,455.3315106,666150
595873,250,455.1912568,666400
596278,300,455.0853242,666700
596570,300,454.9795362,667000
597018,300,454.8738923,667300
597478,350,454.8024523,667650
598066,1050,455.2076242,668700
598523,600,455.3061224,669300
598794,350,455.2345343,669650
599156,450,455.2309783,670100
599743,500,455.2613714,670600
600030,300,455.156038,670900
600339,300,455.0508475,671200
600696,300,454.9457995,671500
600969,300,454.8408937,671800
601423,400,454.8037889,672200
601782,400,454.7667343,672600
602118,200,454.5945946,672800
602526,350,454.5239703,673150
602904,450,454.5209177,673600
603307,350,454.4504383,673950
603739,550,454.5148248,674500
604184,600,454.6127946,675100
604500,200,454.4414536,675300
604983,450,454.4384667,675750
605446,450,454.4354839,676200
605856,550,454.4996642,676750
606475,800,454.7315436,677550
606775,300,454.6277666,677850
607213,500,454.6581769,678350
607734,550,454.7220362,678900
608000,300,454.6184739,679200
608267,350,454.548495,679550
608691,700,454.7125668,680250
609350,650,454.8430194,680900
609662,300,454.7396529,681200
609938,350,454.6697799,681550
610474,650,454.8,682200
610925,400,454.763491,682600
611287,450,454.7603196,683050
611619,300,454.657352,683350
612197,600,454.7539894,683950
612766,500,454.7840532,684450
613316,800,455.0132802,685250
613586,100,454.777704,685350
613859,450,454.7745358,685800
614258,500,454.8045063,686300
614748,700,454.9668874,687000
615068,450,454.9636003,687450
615452,200,454.7949735,687650
615828,400,454.7587574,688050
616474,800,454.98679,688850
616761,350,454.9174917,689200
617215,600,455.0131926,689800
617520,300,454.9110086,690100
618019,650,455.0395257,690750
618766,1000,455.3982883,691750
619128,400,455.3618421,692150
619557,450,455.3583169,692600
619942,550,455.4204993,693150
620276,400,455.3841103,693550
620752,550,455.4461942,694100
621132,550,455.5081967,694650
621533,300,455.406291,694950
621946,550,455.4682384,695500
622283,450,455.4646597,695950
622603,300,455.3629823,696250
622988,500,455.3921569,696750
623298,350,455.3233181,697100
623872,800,455.5483029,697900
624139,350,455.4794521,698250
624405,200,455.3129074,698450
624932,550,455.3745928,699000
625211,450,455.3710938,699450
625623,550,455.432661,700000
626107,700,455.5916775,700700
626429,300,455.4905783,701000
626813,350,455.4220779,701350
627198,350,455.3536665,701700
627685,400,455.3177691,702100
628148,600,455.411536,702700
628493,350,455.3432642,703050
629076,800,455.566343,703850
629485,500,455.5950841,704350
629817,400,455.5591467,704750
630203,500,455.5878553,705250
630682,700,455.7456423,705950
631060,400,455.7096774,706350
631576,450,455.7059961,706800
631933,450,455.7023196,707250
632321,450,455.6986478,707700
633029,650,455.8236808,708350
633508,500,455.85209,708850
633983,550,455.9125964,709400
634232,300,455.8124599,709700
634636,500,455.8408216,710200
635131,700,455.9974343,710900
635405,350,455.9294872,711250
635685,350,455.8616272,711600
636283,500,455.8898848,712100
636535,200,455.7261676,712300
636783,250,455.5946292,712550
637200,400,455.5591054,712950
637509,350,455.4916986,713300
637919,500,455.5201021,713800
638550,550,455.5803571,714350
639252,900,455.8636074,715250
639742,600,455.955414,715850
640005,400,455.9197963,716250
640362,250,455.7888041,716500
640659,350,455.7215512,716850
641229,900,456.0038119,717750
641620,450,456,718200
642083,400,455.964467,718600
642578,400,455.9289791,719000
643159,800,456.1470215,719800
643514,300,456.0481317,720100
643812,350,455.9810127,720450
644154,350,455.9139785,720800
645145,1050,456.289507,721850
645477,300,456.190777,722150
645853,300,456.0921717,722450
646347,600,456.1829653,723050
646740,350,456.1160151,723400
647044,350,456.0491493,723750
647519,550,456.1083123,724300
647968,500,456.1359346,724800
648442,400,456.1006289,725200
648836,450,456.0967945,725650
649253,600,456.1871859,726250
649529,300,456.08914,726550
649918,400,456.0539523,726950
650376,400,456.0188088,727350
650803,650,456.1403509,728000
651333,350,456.0738885,728350
651646,300,455.9762203,728650
651952,350,455.9099437,729000
652441,600,456,729600
652798,250,455.8713304,729850
653191,200,455.7116105,730050
653618,500,455.7392389,730550
653928,300,455.6421446,730850
654418,350,455.576324,731200
654764,300,455.4794521,731500
655254,450,455.4760423,731950
655478,100,455.2549751,732050
655886,300,455.1584835,732350
656161,150,454.9689441,732500
656577,500,454.9968963,733000
657128,500,455.0248139,733500
657442,250,454.8977061,733750
657801,250,454.7707559,734000
658164,400,454.7368421,734400
658453,100,454.5173267,734500
658729,100,454.2980829,734600
659130,350,454.2336218,734950
659592,400,454.2001235,735350
660140,800,454.4135802,736150
660539,350,454.3491672,736500
660831,250,454.2231813,736750
661280,650,454.3438078,737400
661555,500,454.3719212,737900
661942,250,454.2461538,738150
662457,150,454.0590406,738300
662865,500,454.0872772,738800
663256,350,454.0233415,739150
663616,400,453.990178,739550
663927,200,453.8343558,739750
664237,300,453.7400368,740050
664532,350,453.6764706,740400
665119,500,453.7048377,740900
665421,350,453.6413709,741250
665776,400,453.6085627,741650
666156,350,453.5452323,742000
666494,500,453.5736103,742500
666996,550,453.6324786,743050
667357,300,453.5387431,743350
667677,200,453.3841463,743550
668032,200,453.229738,743750
668634,700,453.3800244,744450
669323,900,453.6518564,745350
669817,650,453.7712895,746000
670329,500,453.7993921,746500
670839,550,453.8578372,747050
671496,900,454.1287189,747950
671856,300,454.0351942,748250
672166,200,453.8811401,748450
672911,550,453.9393939,749000
673320,350,453.8764385,749350
673632,350,453.8135593,749700
674072,350,453.7507562,750050
674435,350,453.688029,750400
674789,300,453.5951662,750700
675104,350,453.5326087,751050
675487,450,453.5304768,751500
676165,300,453.437877,751800
676462,250,453.3152502,752050
676872,300,453.2228916,752350
677188,400,453.1908489,752750
677664,350,453.1287605,753100
678024,350,453.0667468,753450
678302,300,452.9747596,753750
678844,550,453.033033,754300
679247,400,453.0012005,754700
679683,400,452.9694061,755100
680419,900,453.2374101,756000
680764,350,453.1755542,756350
681074,300,453.0838323,756650
681389,350,453.0221424,757000
681792,400,452.9904306,757400
682359,400,452.9587567,757800
682718,500,452.9868578,758300
683199,500,453.0149254,758800
683497,200,452.8639618,759000
683852,350,452.8026237,759350
684212,350,452.7413588,759700
684488,200,452.5908279,759900
684993,750,452.7678571,760650
685653,850,453.0041642,761500
686058,300,452.9131986,761800
686417,400,452.8817588,762200
686730,350,452.8206651,762550
687297,650,452.9376855,763200
687848,800,453.143535,764000
688677,700,453.2898637,764700
688940,250,453.1694313,764950
689346,400,453.1379515,765350
689634,350,453.0769231,765700
690040,300,452.9863986,766000
690460,350,452.9255319,766350
690858,550,452.9828706,766900
691258,550,453.0401417,767450
691604,200,452.8908555,767650
692024,500,452.9186321,768150
692301,250,452.7990572,768400
692829,700,452.9446408,769100
693529,900,453.2077693,770000
693982,600,453.2941176,770600
694283,400,453.2627866,771000
694640,450,453.2608696,771450
694914,200,453.112155,771650
695188,50,452.8755869,771700
695660,750,453.0498534,772450
695972,300,452.9601407,772750
696363,200,452.8119508,772950
696996,800,453.0152225,773750
697444,650,453.1304857,774400
697844,650,453.245614,775050
698489,750,453.4190532,775800
698810,400,453.3878505,776200
699114,300,453.2983071,776500
699479,500,453.3255543,777000
699831,300,453.2361516,777300
700398,500,453.2634033,777800
700715,300,453.1741409,778100
701155,550,453.2305006,778650
701613,550,453.2867946,779200
701936,200,453.1395349,779400
702463,650,453.2539221,780050
702869,550,453.3101045,780600
703164,400,453.2791642,781000
703620,600,453.3642691,781600
703936,350,453.3043478,781950
704400,800,453.5052144,782750
705041,950,453.7927041,783700
705352,300,453.7037037,784000
705767,650,453.8172354,784650
706076,350,453.7572254,785000
706359,400,453.7261698,785400
706883,450,453.7240185,785850
707174,350,453.6641662,786200
707953,1050,454.0080738,787250
708265,250,453.8904899,787500
708701,800,454.0898618,788300
708968,50,453.8572251,788350
709289,350,453.7974684,788700
709559,50,453.5652674,788750
710142,500,453.591954,789250
710758,850,453.8196439,790100
711159,400,453.7887486,790500
711567,300,453.7005164,790800
712195,850,453.9277523,791650
712644,600,454.0114613,792250
713013,300,453.9232532,792550
713826,1300,454.4075558,793850
714121,450,454.4050343,794300
714780,600,454.488279,794900
715449,800,454.6857143,795700
715882,400,454.6544832,796100
716459,850,454.880137,796950
716843,500,454.9058756,797450
717450,850,455.1311288,798300
718307,1000,455.4415954,799300
718684,350,455.381549,799650
719200,800,455.5776892,800450
719785,850,455.8020478,801300
720443,750,455.9693007,802050
720739,300,455.8806818,802350
721150,500,455.9057354,802850
721901,950,456.1861521,803800
722229,500,456.211004,804300
722675,600,456.292517,804900
723083,500,456.3172805,805400
723423,350,456.2570781,805750
723775,300,456.1686474,806050
724140,550,456.2217195,806600
724826,1000,456.5291125,807600
725516,600,456.6101695,808200
726152,800,456.8040655,809000
726674,700,456.9413093,809700
727102,500,456.965595,810200
727481,400,456.9334837,810600
728039,600,457.0140845,811200
728656,850,457.2353604,812050
729011,350,457.1750141,812400
729457,600,457.2553431,813000
729767,350,457.1950534,813350
730048,200,457.0505618,813550
730504,600,457.1308254,814150
730992,550,457.1829405,814700
731312,150,457.0106562,814850
731718,500,457.0347534,815350
732124,350,456.9747899,815700
732826,1150,457.3628219,816850
733230,500,457.3866816,817350
733881,750,457.5503356,818100
734195,300,457.4622694,818400
734464,250,457.3463687,818650
734813,350,457.2864322,819000
735323,800,457.4776786,819800
735693,400,457.4456219,820200
736199,400,457.4136009,820600
736464,250,457.2980501,820850
736938,500,457.3218263,821350
737213,350,457.2621035,821700
737651,350,457.2024472,822050
738070,550,457.25403,822600
738524,750,457.4166667,823350
738962,350,457.3570239,823700
739285,400,457.3251942,824100
739654,500,457.348863,824600
739936,150,457.1784922,824750
740341,400,457.1468144,825150
740720,150,456.9767442,825300
741164,500,457.0005534,825800
741622,400,456.9690265,826200
742044,500,456.9928137,826700
742554,550,457.0441989,827250
743089,850,457.2611817,828100
743780,950,457.5331126,829050
744262,700,457.6668505,829750
744919,650,457.7728776,830400
745316,450,457.768595,830850
745674,300,457.6817181,831150
746195,750,457.8425977,831900
746576,350,457.7832783,832250
747312,1250,458.2188015,833500
747788,700,458.3516484,834200
748079,250,458.2372323,834450
748602,850,458.4522503,835300
749115,450,458.4476138,835750
749565,500,458.4703947,836250
750300,950,458.739726,837200
750757,550,458.7897043,837750
751179,500,458.8122605,838250
751595,450,458.8074398,838700
751963,450,458.8026244,839150
752677,950,459.0710383,840100
752946,250,458.9568542,840350
753322,400,458.9246725,840750
753903,600,459.0016367,841350
754175,350,458.9422028,841700
754701,650,459.0463215,842350
755079,300,458.959695,842650
755493,600,459.0364725,843250
755808,300,458.9499456,843550
756254,350,458.8907015,843900
756985,1000,459.1847826,844900
757386,650,459.2884302,845550
757725,350,459.2290988,845900
758149,650,459.3326099,846550
758587,550,459.3817787,847100
759022,550,459.4308943,847650
759485,550,459.4799567,848200
760001,850,459.6913914,849050
760653,500,459.7132035,849550
760960,400,459.6809086,849950
761399,650,459.7837838,850600
762165,1050,460.1026472,851650
762722,600,460.1781857,852250
763303,900,460.4155424,853150
763895,300,460.3290183,853450
764433,350,460.2695418,853800
764866,650,460.3717672,854450
765176,350,460.3123317,854800
765653,650,460.4144241,855450
766091,850,460.6239914,856300
766632,850,460.8333333,857150
766957,400,460.8006448,857550
767423,400,460.7679914,857950
767855,350,460.7085346,858300
768275,300,460.6223176,858600
768774,750,460.7774799,859350
769163,450,460.7717042,859800
770246,1150,461.1408677,860950
770822,850,461.3490364,861800
771256,500,461.3697164,862300
771731,700,461.4973262,863000
772021,450,461.4911812,863450
772443,550,461.5384615,864000
772857,250,461.4255206,864250
773495,900,461.6595518,865150
773984,650,461.76,865800
774575,750,461.9136461,866550
774926,400,461.8806606,866950
775349,600,461.9542066,867550
775750,650,462.0542842,868200
776321,750,462.2074468,868950
776629,350,462.1477937,869300
777094,700,462.2741764,870000
777615,700,462.4004249,870700
778090,600,462.4734607,871300
778345,450,462.4668435,871750
778738,400,462.4337222,872150
779333,950,462.6921039,873100
779779,500,462.7118644,873600
780202,500,462.731604,874100
780671,400,462.6984127,874500
780993,550,462.7445796,875050
781515,750,462.8964059,875800
782018,600,462.9688325,876400
782462,600,463.0411827,877000
782893,600,463.1134565,877600
783317,700,463.2383966,878300
783748,600,463.3104902,878900
784123,450,463.3034773,879350
784536,450,463.2964718,879800
784923,550,463.3421053,880350
785411,850,463.5455024,881200
785944,550,463.5909569,881750
786529,700,463.7151865,882450
786962,450,463.7079832,882900
787294,500,463.7270341,883400
787728,450,463.7198321,883850
788039,350,463.6601993,884200
788363,450,463.6530398,884650
788879,750,463.8030382,885400
789241,400,463.7696335,885800
789611,450,463.762428,886250
790462,900,463.9905858,887150
790847,350,463.9309984,887500
791198,500,463.9498433,888000
791555,350,463.8903394,888350
791990,550,463.9352818,888900
792474,550,463.9801774,889450
793033,850,464.181439,890300
793324,350,464.1219385,890650
793603,150,463.9583333,890800
794123,950,464.2113483,891750
794663,550,464.2559834,892300
795089,400,464.2225689,892700
795447,400,464.1891892,893100
795851,500,464.2077922,893600
796196,300,464.1225337,893900
796514,300,464.0373638,894200
796920,600,464.1078838,894800
797474,800,464.2820114,895600
797767,350,464.2227979,895950
798257,500,464.2413257,896450
798564,300,464.1563147,896750
798981,650,464.2524573,897400
799426,400,464.2192347,897800
799959,600,464.2894057,898400
800439,750,464.4369835,899150
800924,650,464.5327827,899800
801212,400,464.499484,900200
801611,600,464.5693657,900800
802069,650,464.6649485,901450
802645,750,464.8119526,902200
802955,350,464.7528321,902550
803339,450,464.7452393,903000
803895,850,464.9434156,903850
804160,400,464.9100257,904250
804660,450,464.9023638,904700
805200,800,465.0744735,905500
805593,500,465.0924025,906000
806150,550,465.1359672,906550
806701,700,465.2564103,907250
807173,600,465.3254741,907850
807658,600,465.3944672,908450
808394,1000,465.6682028,909450
808889,700,465.7881269,910150
809514,600,465.8567775,910750
810187,850,466.0531697,911600
810641,400,466.0194175,912000
811073,650,466.113381,912650
811434,200,465.9775396,912850
811901,700,466.0969388,913550
812262,250,465.9867415,913800
812545,0,465.7492355,913800
813087,650,465.8430973,914450
813652,750,465.98778,915200
814091,250,465.8778626,915450
814435,300,465.7934893,915750
814807,350,465.7346213,916100
815164,300,465.6504065,916400
815678,800,465.8202133,917200
816105,500,465.8375635,917700
816645,800,466.007103,918500
817389,1000,466.2778905,919500
818095,800,466.447035,920300
818372,250,466.337386,920550
818684,300,466.2531646,920850
818978,200,466.1184211,921050
819417,650,466.2114315,921700
819772,300,466.1274014,922000
820149,200,465.9929257,922200
820471,400,465.959596,922600
820999,900,466.1786976,923500
821362,350,466.1200807,923850
821980,800,466.2884518,924650
822259,200,466.1542339,924850
822782,500,466.1712846,925350
823176,500,466.1883182,925850
823485,450,466.1801711,926300
823892,450,466.1720322,926750
824505,950,466.4152841,927700
824815,350,466.3567839,928050
825121,300,466.2732295,928350
825388,250,466.1646586,928600
825806,550,466.2067235,929150
826169,300,466.1233701,929450
826822,600,466.1904762,930050
827180,300,466.1072144,930350
827471,300,466.0240361,930650
827890,250,465.9159159,930900
828392,650,466.008004,931550
828782,500,466.025,932050
829204,550,466.0669665,932600
829627,400,466.033966,933000
830197,800,466.200699,933800
830817,600,466.2674651,934400
831172,450,466.2593516,934850
831702,500,466.2761715,935350
832041,350,466.2182362,935700
832340,300,466.1354582,936000
832873,550,466.1772026,936550
833365,750,466.318408,937300
833726,350,466.2605669,937650
834303,800,466.4264414,938450
834885,650,466.5176354,939100
835222,300,466.4349553,939400
835716,550,466.4764268,939950
835997,50,466.2698413,940000
836420,500,466.2865642,940500
836770,300,466.2041625,940800
837136,400,466.171372,941200
837413,150,466.0148515,941350
837734,350,465.9574468,941700
838132,400,465.9248269,942100
838773,850,466.1146812,942950
839017,150,465.958498,943100
839409,400,465.9259259,943500
839715,250,465.8193485,943750
840020,250,465.7128762,944000
840697,950,465.9516765,944950
841083,650,466.0423854,945600
841355,250,465.9359606,945850
841747,600,466.0019695,946450
842284,600,466.0679134,947050
842907,900,466.2813576,947950
843392,300,466.1996067,948250
843742,250,466.0933661,948500
844372,850,466.2819253,949350
844665,300,466.2002946,949650
845111,550,466.2414132,950200
845563,800,466.4051005,951000
846032,600,466.4705882,951600
846606,950,466.7074963,952550
846911,100,466.5279138,952650
847530,900,466.7400881,953550
847825,300,466.6585127,953850
848493,1050,466.9437653,954900
849062,850,467.1309873,955750
849456,700,467.2447484,956450
850005,550,467.2851563,957000
850730,850,467.4719375,957850
851130,500,467.4878049,958350
851480,250,467.381765,958600
851808,300,467.3001949,958900
852290,300,467.2187043,959200
852561,200,467.0886076,959400
853098,650,467.1776156,960050
853519,600,467.2422179,960650
853881,400,467.2095284,961050
854429,750,467.3469388,961800
854783,450,467.3385138,962250
855511,950,467.5728155,963200
855781,100,467.3944687,963300
856218,600,467.4587779,963900
856617,500,467.4745516,964400
856975,350,467.4176357,964750
857251,150,467.2639225,964900
857763,500,467.2797677,965400
858242,500,467.2955975,965900
858520,100,467.1179884,966000
858829,250,467.0130498,966250
859321,700,467.1256039,966950
859636,150,466.9724771,967100
859908,50,466.7712355,967150
860255,250,466.6666667,967400
860826,650,466.7550627,968050
861180,200,466.626506,968250
861485,300,466.5462428,968550
862008,850,466.7308618,969400
862406,500,466.746872,969900
862852,650,466.8350168,970550
863262,450,466.8269231,971000
863560,250,466.7227295,971250
864048,650,466.8107589,971900
864747,1050,467.0907345,972950
865380,800,467.2504798,973750
865812,550,467.2901679,974300
866223,300,467.2099712,974600
866657,600,467.2735985,975200
867119,400,467.2413793,975600
867644,800,467.4006702,976400
867987,400,467.3684211,976800
868377,400,467.3362028,977200
868821,700,467.4474187,977900
869180,400,467.4151935,978300
869701,650,467.5023878,978950
870137,550,467.5417661,979500
870452,350,467.485687,979850
871316,950,467.7157845,980800
871667,350,467.6596759,981150
872294,750,467.7941877,981900
872736,500,467.8095238,982400
873166,550,467.8486435,982950
873611,500,467.8639391,983450
874048,600,467.9267713,984050
874357,250,467.8231939,984300
875016,900,468.0285036,985200
875363,250,467.9249763,985450
875798,400,467.8927385,985850
876354,900,468.097723,986750
876709,350,468.0417259,987100
877025,300,467.9620853,987400
877565,950,468.1904311,988350
877998,700,468.3001894,989050
878523,900,468.504496,989950
878917,400,468.4720908,990350
879292,400,468.4397163,990750
879950,800,468.5964083,991550
880384,600,468.658479,992150
880868,800,468.8149197,992950
881355,500,468.8296366,993450
881837,450,468.8207547,993900
882241,550,468.8590288,994450
882820,750,468.9915174,995200
883133,200,468.8648139,995400
883610,650,468.9500942,996050
884036,450,468.9411765,996500
884475,550,468.9793039,997050
884994,750,469.1114245,997800
885393,450,469.1024436,998250
885780,400,469.0699859,998650
886162,550,469.1079812,999200
886498,500,469.1224777,999700
886880,600,469.1838649,1000300
887280,600,469.2451946,1000900
887704,650,469.3298969,1001550
888159,650,469.4145199,1002200
888500,400,469.3820225,1002600
888818,350,469.3261582,1002950
889245,700,469.4340505,1003650
889772,750,469.5652174,1004400
890383,750,469.6962617,1005150
891144,1000,469.9439514,1006150
891522,500,469.9579832,1006650
891979,600,470.0186654,1007250
892280,300,469.9393657,1007550
892782,600,470,1008150
893211,650,470.083877,1008800
893803,500,470.0978109,1009300
894282,750,470.2281192,1010050
894556,50,470.0325733,1010100
895189,850,470.2093023,1010950
895821,850,470.385867,1011800
896167,300,470.3066914,1012100
896597,550,470.3437065,1012650
896901,200,470.2181987,1012850
897407,650,470.3016241,1013500
897905,750,470.4313544,1014250
898329,450,470.4218822,1014700
898770,550,470.4587581,1015250
899392,950,470.6808708,1016200
899953,700,470.787037,1016900
900387,400,470.7542804,1017300
900960,700,470.8603145,1018000
901282,400,470.8275543,1018400
901686,600,470.8872458,1019000
902001,400,470.8545035,1019400
902385,400,470.8217913,1019800
902690,400,470.7891094,1020200
903403,700,470.8948339,1020900
903837,700,471.000461,1021600
904638,1000,471.2442396,1022600
905071,650,471.3265776,1023250
905627,750,471.4548803,1024000
905988,400,471.4219972,1024400
906315,300,471.3431463,1024700
906578,350,471.2873563,1025050
907019,650,471.3694853,1025700
907497,700,471.4745062,1026400
908069,900,471.671258,1027300
908366,300,471.5924736,1027600
908818,300,471.5137615,1027900
909117,350,471.4580468,1028250
909518,700,471.5627864,1028950
910013,600,471.6216216,1029550
910336,300,471.5430403,1029850
910808,650,471.624714,1030500
911420,900,471.820677,1031400
911848,750,471.9478738,1032150
912236,500,471.9606947,1032650
912660,500,471.9735039,1033150
913161,600,472.0319635,1033750
913612,600,472.0903697,1034350
914004,500,472.1031022,1034850
914616,950,472.3210214,1035800
915053,550,472.3564266,1036350
915362,350,472.3006834,1036700
915820,400,472.2677596,1037100
916083,200,472.1438325,1037300
916666,900,472.3384895,1038200
917178,600,472.3965439,1038800
917780,950,472.6136364,1039750
918182,550,472.648796,1040300
918480,250,472.5476839,1040550
918995,750,472.6736269,1041300
919315,350,472.6179673,1041650
919749,550,472.6530612,1042200
920129,500,472.6654578,1042700
920433,250,472.5645673,1042950
920856,600,472.6222826,1043550
921168,350,472.5667723,1043900
921703,700,472.6696833,1044600
922237,800,472.8177295,1045400
922572,350,472.7622061,1045750
923179,1000,473.0004519,1046750
923677,550,473.0352304,1047300
924058,600,473.0925508,1047900
924686,550,473.1272563,1048450
925086,500,473.1393775,1048950
925533,450,473.128945,1049400
925915,450,473.1185219,1049850
926458,800,473.2657658,1050650
926725,350,473.2102656,1051000
927523,900,473.4023402,1051900
928325,750,473.5267656,1052650
928677,400,473.493705,1053050
929198,600,473.5505618,1053650
929629,500,473.5624438,1054150
930108,650,473.6416704,1054800
930496,600,473.6983842,1055400
930868,250,473.598026,1055650
931225,450,473.5874439,1056100
931808,800,473.7337517,1056900
932209,300,473.655914,1057200
932598,600,473.7124944,1057800
932902,350,473.6571173,1058150
933336,600,473.7136465,1058750
933929,900,473.9042934,1059650
934476,650,473.983013,1060300
934882,500,473.9946381,1060800
935544,850,474.1625726,1061650
935989,550,474.1964286,1062200
936643,850,474.3641232,1063050
937051,550,474.3978591,1063600
937446,400,474.3646901,1064000
938002,950,474.5766488,1064950
938508,700,474.6770601,1065650
938784,300,474.5992876,1065950
939352,700,474.6995995,1066650
939663,350,474.6441281,1067000
940016,450,474.6331703,1067450
940466,650,474.7111111,1068100
940822,450,474.7001333,1068550
941567,1000,474.9333925,1069550
942149,700,475.0332889,1070250
942505,300,474.9556344,1070550
942953,500,474.9667406,1071050
943488,750,475.0886525,1071800
944006,650,475.1661498,1072450
944312,300,475.088574,1072750
944601,150,474.9446658,1072900
945225,850,475.1106195,1073750
945621,500,475.1216276,1074250
946032,550,475.1547303,1074800
946480,400,475.1215201,1075200
946759,100,474.9558304,1075300
947123,500,474.9668874,1075800
947580,650,475.0441306,1076450
947974,650,475.1213057,1077100
948467,550,475.154321,1077650
948855,550,475.1873072,1078200
949196,250,475.0881057,1078450
949496,450,475.0770586,1078900
949799,250,474.977993,1079150
950101,450,474.967004,1079600
950892,1000,475.1978892,1080600
951302,450,475.1868132,1081050
951702,550,475.2196837,1081600
952282,450,475.2086078,1082050
952621,300,475.1316945,1082350
952918,300,475.0548486,1082650
953779,1050,475.3070175,1083700
954235,400,475.2740026,1084100
954563,300,475.1971954,1084400
954869,250,475.0985545,1084650
955332,400,475.0656743,1085050
955684,300,474.9890591,1085350
956095,600,475.0437445,1085950
956522,650,475.1202449,1086600
957035,700,475.2185315,1087300
957515,350,475.163827,1087650
958029,550,475.1965066,1088200
958337,250,475.0982104,1088450
958698,350,475.04363,1088800
959240,750,475.1635412,1089550
959517,350,475.1089799,1089900
959966,500,475.1198257,1090400
960286,200,475,1090600
960580,300,474.9238137,1090900
960982,600,474.9782419,1091500
961312,250,474.8803828,1091750
961715,300,474.8043478,1092050
962102,500,474.8152977,1092550
962460,300,474.7393571,1092850
962861,550,474.7720365,1093400
963261,450,474.7612847,1093850
963524,300,474.6854664,1094150
963971,750,474.8048569,1094900
964353,450,474.7941049,1095350
964781,750,474.9133449,1096100
965251,550,474.945864,1096650
965941,1050,475.1948052,1097700
966618,850,475.3569883,1098550
967293,1100,475.6271626,1099650
967691,550,475.6593169,1100200
968151,450,475.6482282,1100650
968599,650,475.7235421,1101300
969112,500,475.7340242,1101800
969569,650,475.8092361,1102450
970029,750,475.9275237,1103200
970304,50,475.7438551,1103250
970618,350,475.6896552,1103600
970888,300,475.6139595,1103900
971329,550,475.6459948,1104450
971871,850,475.8071459,1105300
972097,200,475.6884682,1105500
972710,1100,475.9569892,1106600
973284,850,476.1177988,1107450
973874,700,476.2140095,1108150
974247,450,476.2027491,1108600
974784,1000,476.4276514,1109600
975232,650,476.5021459,1110250
975723,650,476.5765766,1110900
976003,350,476.5222985,1111250
976412,600,476.575225,1111850
976930,400,476.5424165,1112250
977350,550,476.5738758,1112800
977831,650,476.6481164,1113450
978419,800,476.7864784,1114250
978753,450,476.7750214,1114700
979166,550,476.8063275,1115250
979474,250,476.7094017,1115500
979963,800,476.8475011,1116300
980360,400,476.8146883,1116700
980918,850,476.973965,1117550
981404,700,477.0691126,1118250
981820,500,477.0788913,1118750
982223,400,477.0460358,1119150
982497,200,476.9279932,1119350
982918,350,476.8739353,1119700
983261,450,476.8624947,1120150
983857,950,477.0638298,1121100
984299,750,477.1799234,1121850
984590,200,477.0620748,1122050
985057,600,477.1143221,1122650
985478,350,477.0603229,1123000
985861,650,477.133758,1123650
986364,550,477.1646859,1124200
986680,300,477.0895206,1124500
987090,450,477.0780322,1124950
987366,300,477.0029674,1125250
987761,400,476.970339,1125650
988070,300,476.8953833,1125950
988696,1000,477.1168501,1126950
988970,300,477.0418959,1127250
989284,250,476.9458545,1127500
989537,300,476.8710359,1127800
989916,500,476.8808115,1128300
990325,700,476.9750739,1129000
990807,850,477.1326014,1129850
991127,450,477.1211482,1130300
991435,450,477.1097046,1130750
991742,250,477.0139182,1131000
992074,400,476.9814503,1131400
992483,450,476.9700801,1131850
992894,500,476.979781,1132350
993251,600,477.0315789,1132950
993697,750,477.1464646,1133700
994009,250,477.0509045,1133950
994421,400,477.0185029,1134350
994828,400,476.9861286,1134750
995672,1200,477.289916,1135950
996089,600,477.3414532,1136550
996509,450,477.3299748,1137000
996909,550,477.36047,1137550
997225,450,477.3489933,1138000
997663,500,477.3584906,1138500
998230,400,477.3260687,1138900
998540,250,477.2308337,1139150
999446,700,477.3241206,1139850
999761,350,477.2708246,1140200
